Date,Close,High,Low,Open,Volume
2018-06-01,28.734310150146484,28.947519973612614,28.529299381029944,28.83271444342192,2911500
2018-06-04,29.070514678955078,29.111516188789313,28.799899083262723,28.857301822673584,1941800
2018-06-05,28.701501846313477,29.07052178140917,28.61129662571059,29.00491684707418,4116300
2018-06-06,29.177114486694336,29.17711448669434,28.693289272717003,28.783491322599243,4222100
2018-06-07,29.15252113342285,29.58304485794402,28.931109200373253,29.2345272909681,4058100
2018-06-08,29.070514678955078,29.168918928200174,28.857301822673584,29.14431864794257,4143000
2018-06-11,28.914710998535156,29.29193310633837,28.82450890810662,29.119721721556637,3265800
2018-06-12,28.947513580322266,29.160726484914697,28.775305323069805,29.070521265911392,2538800
2018-06-13,28.65229606628418,29.152522705533286,28.63589483389066,29.054118439387384,3281500
2018-06-14,28.914710998535156,29.013118397900538,28.623596147230494,28.75070492269027,3391200
2018-06-15,28.881906509399414,29.054114735253574,28.455483906178518,28.75889884623797,5265100
2018-06-18,28.701501846313477,28.832708586768007,28.5538938722752,28.701501846313477,4159100
2018-06-19,28.545690536499023,28.61129233277545,28.25457572255212,28.398082584608343,3130100
2018-06-20,28.299680709838867,28.734305598709454,28.275080422470648,28.726103417442992,3426700
2018-06-21,28.061866760253906,28.447284764769407,27.758448659578,28.209474720524575,4518100
2018-06-22,27.988065719604492,28.36938580231654,27.938862018274865,28.32428319148492,6212000
2018-06-25,27.733842849731445,28.020856532951726,27.47142944558304,27.922452288449705,4580100
2018-06-26,27.446834564208984,27.80765228381787,27.364828404151186,27.742050483986777,4161200
2018-06-27,27.061416625976562,27.733851576728437,27.061416625976562,27.41403533529956,3674300
2018-06-28,27.069622039794922,27.184430704402644,26.692402955018302,27.03682269240897,4453600
2018-06-29,27.373029708862305,27.873256320464396,27.32382601440118,27.381228760498303,5812300
2018-07-02,27.75025177001953,27.75025177001953,27.151620830370792,27.151620830370792,4422100
2018-07-03,27.471439361572266,27.824058087216866,27.430437838914546,27.7502540951467,2785600
2018-07-05,27.553438186645508,27.807652593331508,27.496035438073697,27.69284709618789,5194500
2018-07-06,27.635448455810547,27.85686043102269,27.422235533806713,27.553442282649208,5520600
2018-07-09,28.586694717407227,28.627696234932408,27.783053086695674,27.799454319348797,3611200
2018-07-10,28.5784912109375,28.709697937859275,28.500589269718873,28.635893958452332,3255000
2018-07-11,28.537492752075195,28.705603050814943,28.40628601109936,28.430886297464998,3761300
2018-07-12,27.028615951538086,28.668701916484075,26.741602158958827,28.63589944641338,15117300
2018-07-13,26.60219383239746,26.985975858908883,26.331581268677468,26.89740981333985,9880000
2018-07-16,26.70059585571289,26.852301778254933,26.57758817907568,26.58578723101775,5489900
2018-07-17,26.913806915283203,27.077816115975264,26.716998377024982,26.799001413263355,4316600
2018-07-18,27.39763641357422,27.504242879119396,26.897409684726597,27.053219856265496,5236900
2018-07-19,27.258228302001953,27.67234772830957,27.028614154984947,27.217223653031244,5496400
2018-07-20,26.905611038208008,27.401736660895594,26.889209803381682,27.168024538997877,6293500
2018-07-23,27.47964096069336,27.504244379139926,27.020418859236777,27.036820095462506,4444100
2018-07-24,27.733842849731445,27.897852009377832,27.44682916651117,27.709242570659573,4282600
2018-07-25,27.4222354888916,27.78305639377921,27.127022650641255,27.78305639377921,5476800
2018-07-26,24.601287841796875,27.553441131526295,24.142064240033505,27.50424055790063,23930600
2018-07-27,24.535688400268555,25.183521603870435,24.051862870084918,25.068716076066863,15589200
2018-07-30,24.199466705322266,24.572586170562815,23.70744064154926,24.306071596487676,18396300
2018-07-31,23.73204231262207,24.404477250244273,23.486028500543007,24.338873879844733,11257600
2018-08-01,23.945249557495117,24.363469994616327,23.69923578753901,23.80584222375223,13528400
2018-08-02,24.347078323364258,24.379879231665583,23.773047569065298,23.8304503316736,9421300
2018-08-03,24.65264892578125,24.707157281966804,24.09517602712259,24.49573045335332,6015200
2018-08-06,24.487472534179688,24.925191840227072,24.40488377781704,24.6609090800662,5713300
2018-08-07,24.850860595703125,24.925190314354236,24.528766198381263,24.636130472405412,6388700
2018-08-08,24.817825317382812,25.03255544805486,24.743495596179045,24.842602416200556,5483000
2018-08-09,24.76001739501953,24.88389975728653,24.55602413393826,24.776535463388385,4756000
2018-08-10,24.28925895690918,24.57831879861752,24.260353130263287,24.487471014730765,5212900
2018-08-13,24.107566833496094,24.40488415565541,24.07040197131999,24.26448374024007,4758400
2018-08-14,24.7847900390625,24.801308104459938,24.338811724828233,24.669166731779285,7830900
2018-08-15,24.66090965270996,24.91693338565467,24.363590753000274,24.50399116950212,9945900
2018-08-16,25.131662368774414,25.214251123248346,24.64439045015264,24.64439045015264,6904000
2018-08-17,25.082111358642578,25.21425274419605,24.90867480557267,25.13166398441274,4815700
2018-08-20,25.660226821899414,25.788239464832795,25.065590649586678,25.098625204868238,6580700
2018-08-21,25.742820739746094,25.99058546745887,25.52891600479927,25.65197293780154,4878900
2018-08-22,26.1805362701416,26.27964151660772,25.66848724590167,25.693264345142946,6563700
2018-08-23,25.825408935546875,26.32093995524958,25.808890867331858,26.18879698477913,4084700
2018-08-24,25.899738311767578,25.982325501209708,25.775854377105052,25.8501841078027,2475900
2018-08-27,26.287900924682617,26.53153689065739,26.03187719653524,26.064911754078686,5081900
2018-08-28,26.279640197753906,26.50262935398612,26.188792413677948,26.26312213242202,2674900
2018-08-29,26.164018630981445,26.370489735613244,25.961676255332495,26.370489735613244,3369800
2018-08-30,26.106204986572266,26.28789897772824,26.04013430112924,26.106204986572266,2672600
2018-08-31,26.155759811401367,26.221830502413212,25.949288705083152,25.98232326296431,3605800
2018-09-04,26.32919692993164,26.358104336401176,26.023620549821594,26.089691246216983,5077500
2018-09-05,26.436565399169922,26.63064878967809,26.304425560744026,26.345719161799,6134900
2018-09-06,26.263124465942383,26.556313063011267,26.073171423496312,26.329195157891,4590400
2018-09-07,26.20531463623047,26.41178575988545,26.147502973647022,26.246609806111262,4745400
2018-09-10,26.576961517333984,27.01055210830676,26.20531288942862,26.20531288942862,4905100
2018-09-11,26.791690826416016,26.98990448361418,26.362232103152266,26.45307832284769,4370700
2018-09-12,26.667810440063477,26.87428155870658,26.568702034755326,26.75865823634632,3446700
2018-09-13,26.60173797607422,26.812339397695823,26.593480517608317,26.717361297592205,3420400
2018-09-14,26.915576934814453,27.014682196186584,26.58522186290808,26.676069665207308,3319800
2018-09-17,26.84123992919922,27.17489663413905,26.74213469467717,26.989899356231593,4169600
2018-09-18,27.237668991088867,27.2789625838046,26.81646930458971,26.92383201555078,4141700
2018-09-19,27.5762882232666,27.745596090376477,27.22115756832876,27.295487313559935,4294100
2018-09-20,27.749717712402344,27.898377173224084,27.61757631950516,27.708424117840597,4837100
2018-09-21,27.64234733581543,27.931405568137105,27.584535689351096,27.7579706287441,9928400
2018-09-24,27.287220001220703,27.68364411582575,27.159205783125135,27.60105378955461,3547600
2018-09-25,27.237668991088867,27.394585903608323,26.989904284295296,27.394585903608323,3546400
2018-09-26,26.353979110717773,27.064240415286463,26.300296167285264,26.899062854840267,4663100
2018-09-27,26.073169708251953,26.411782179118905,26.073169708251953,26.329193425803915,3876900
2018-09-28,25.66849136352539,26.011234202721592,25.561127066755947,25.957551266712,4931200
2018-10-01,25.998842239379883,26.263125012676056,25.743643930437706,25.808889192979453,5078100
2018-10-02,25.88321876525879,26.12272443640914,25.651970552381233,25.916253324098683,4768400
2018-10-03,26.24660301208496,26.46959057072148,25.99883678268435,26.081425525817888,3856300
2018-10-04,26.015361785888672,26.37875140745988,25.841926796769258,26.271385540171952,3488500
2018-10-05,25.858440399169922,26.221829980121786,25.78824098053975,26.089688600730106,2606400
2018-10-08,25.874963760375977,26.06904714024576,25.561128313910835,25.69326972034351,4522100
2018-10-09,25.726299285888672,25.8914767994616,25.58589887192654,25.726299285888672,3740800
2018-10-10,25.205989837646484,26.060779983273726,25.197730805412245,25.833662110204774,5350500
2018-10-11,24.553543090820312,25.13992184008476,24.371849088009235,25.02429695170544,7268900
2018-10-12,24.644393920898438,25.016042580746817,24.178594162205158,24.74349918002488,5228400
2018-10-15,24.553543090820312,24.801309358562143,24.43791977769049,24.578320190169343,3478900
2018-10-16,24.93345069885254,24.95822622291325,24.413142640084697,24.702202497705777,2990200
2018-10-17,24.834341049194336,25.139918938228767,24.528764735409222,24.892152699086154,3659000
2018-10-18,24.479209899902344,24.888023317370024,24.318162715073925,24.809564876754692,5787400
2018-10-19,25.899738311767578,26.213573727296797,24.297521947645564,25.148183546046614,10238100
2018-10-22,24.338815689086914,26.073173457071064,24.28926306007299,26.023620828057137,8823500
2018-10-23,24.42966079711914,24.51224955321072,23.52944666374486,23.801988456172428,7275300
2018-10-24,23.58725929260254,24.760015266740492,23.53770666700504,24.48747346307989,6664700
2018-10-25,23.810251235961914,23.991945267754204,23.417955764234488,23.744180535742014,6267800
2018-10-26,23.108251571655273,23.595523629424086,22.88526234347295,23.53771195735828,7973900
2018-10-29,23.13302993774414,23.859807758695847,22.79441734698539,23.38905374594588,5437800
2018-10-30,23.73592185974121,23.760698963416484,23.199097215441782,23.31472054876018,5082000
2018-10-31,23.851539611816406,24.23144723635697,23.744175338179595,23.97542352595426,4850000
2018-11-01,24.31403923034668,24.347073790006657,23.876319894292255,24.016720317158796,4171400
2018-11-02,21.984947204589844,22.725264622963326,21.731242492927006,22.700311101532044,18857700
2018-11-05,22.226171493530273,22.46739942195204,21.984945151675085,22.043172144999904,5859200
2018-11-06,22.3509464263916,22.47571878712983,21.91840076170354,22.184582221029533,8879100
2018-11-07,22.750219345092773,22.775172866100814,22.159627825024216,22.442446031271125,7951600
2018-11-08,22.858360290527344,22.937384022952603,22.620460905243092,22.683679256556474,5427000
2018-11-09,22.974809646606445,23.274262992848527,22.66703634493453,22.725263340410308,5696400
2018-11-12,22.633758544921875,23.10789596013263,22.575531560571342,22.94985015506238,3471100
2018-11-13,22.9997615814209,23.282579757010584,22.63376130949898,22.63376130949898,5121000
2018-11-14,22.39253807067871,23.232674345289908,22.188741985822332,23.16612897633886,5806300
2018-11-15,22.051494598388672,22.167948606610324,21.569040238741565,22.163790214845353,9776700
2018-11-16,21.552404403686523,21.951676665700646,21.161450512118567,21.918404770482937,9307200
2018-11-19,21.236316680908203,21.702134373036692,20.961816771154457,21.577361975251737,6260500
2018-11-20,21.061634063720703,21.477543114225668,20.845361167070067,21.03668053609336,5961500
2018-11-21,21.344449996948242,21.677176883436466,21.069950117274587,21.12817712408916,4226000
2018-11-23,21.26125717163086,21.485848301870142,21.094894605449504,21.236303659315034,2146000
2018-11-26,21.585678100585938,21.75204075146626,21.469222499746063,21.560722988998762,5728500
2018-11-27,21.693811416625977,21.735401678241765,21.394356455978595,21.427629934524653,5870600
2018-11-28,21.97662925720215,22.009901148604907,21.58151543243133,21.67717430174355,4510200
2018-11-29,21.602310180664062,21.963319160098738,21.58567502854039,21.818583023939066,4391400
2018-11-30,21.610633850097656,21.660544078409522,21.398520932757133,21.62727059286828,5840700
2018-12-03,21.46922492980957,21.972476091094556,21.369407645296626,21.81858859873914,5591100
2018-12-04,20.712265014648438,21.502492639851976,20.53758402038873,21.344446797497927,9313300
2018-12-06,20.911903381347656,20.928540121621754,20.3878587552485,20.404495495522603,8381500
2018-12-07,21.094900131225586,21.569036028219134,20.97012619069755,21.061626657333694,9078500
2018-12-10,20.762178421020508,21.136497189948525,20.21317861763746,21.044996693862327,9531100
2018-12-11,20.296356201171875,21.211356197597258,20.113356836513486,21.053310354239226,6769300
2018-12-12,20.42112922668457,20.853674924278593,20.354583856790626,20.52926644436646,7580600
2018-12-13,20.113357543945312,20.570856764965917,20.021857065114485,20.47935787270186,8418000
2018-12-14,20.046815872192383,20.52095191984709,19.80558786952339,19.905406736350884,9651300
2018-12-17,19.539398193359375,20.08507073584836,19.43126258706855,19.963625424007503,10344500
2018-12-18,19.572677612304688,19.922041226862945,19.397995011742115,19.664176511107097,10224900
2018-12-19,19.298173904418945,20.00521777651584,19.173399963162723,19.547718613798253,7631800
2018-12-20,19.123493194580078,19.585152379646818,18.878106852362926,19.106856455922404,7602600
2018-12-21,18.715904235839844,19.456221717911667,18.56617674810243,19.131813218858507,12513100
2018-12-24,18.44139862060547,19.081898635526635,18.287512789107858,18.5744893267493,4457600
2018-12-26,19.248262405395508,19.26489914132539,18.112831356527774,18.4330813836289,5392900
2018-12-27,19.481176376342773,19.497813116053806,18.76581243443657,18.9654485512685,6030100
2018-12-28,19.547719955444336,19.805583051043442,19.256583383475444,19.580993431814118,5934400
2018-12-31,19.51445198059082,19.689134607645368,19.090226143245044,19.564362209216192,7749800
2019-01-02,20.188220977783203,20.188220977783203,19.2316307023253,19.256584224125312,8662500
2019-01-03,20.038494110107422,20.404494444449906,19.880448258778447,20.337949073348252,6948300
2019-01-04,20.99508285522461,21.082423350826947,20.373715121906052,20.4211280804997,8027600
2019-01-07,21.103221893310547,21.28622126944443,20.728903184665313,20.9285393004205,3993800
2019-01-08,21.144811630249023,21.294539109985685,20.799606431237635,21.219675370117354,4347100
2019-01-09,21.618946075439453,21.635582813480422,21.115696648950134,21.23631061989716,5126800
2019-01-10,21.4193058013916,21.548238116214353,21.094897405693118,21.535759771833856,4892800
2019-01-11,21.643903732299805,21.752039369171882,21.19472127167689,21.269585015114043,5670800
2019-01-14,21.502492904663086,21.581515033529943,21.252946584204484,21.452584275198056,6465900
2019-01-15,21.435951232910156,21.49417824175441,21.169769714441014,21.4692231294353,4442000
2019-01-16,21.943357467651367,22.126358437431083,21.4276312119757,21.4276312119757,4933100
2019-01-17,21.91840171813965,22.04317408432247,21.660538616486253,21.810264503965612,3153800
2019-01-18,21.86017608642578,22.109720834393368,21.65222160093052,21.968311720793917,6534200
2019-01-22,22.084762573242188,22.24280840390249,21.87680811742421,22.043172316705228,12985300
2019-01-23,24.455446243286133,24.954537306734167,23.860696310550296,24.921263828773146,40739400
2019-01-24,24.79648780822754,25.312215534714294,24.45544264218033,24.72994244867117,23959400
2019-01-25,24.779857635498047,25.22903850608352,24.771539265561874,24.937901904584816,11871200
2019-01-28,24.937904357910156,25.2207226172956,24.580222348301096,24.63013257282817,11749700
2019-01-29,24.663406372070312,25.145860807084613,24.588542616070928,24.96286139606785,9459100
2019-01-30,25.01276397705078,25.1375363446272,24.75905926392425,24.937900239191585,7011300
2019-01-31,24.987810134887695,25.137536022118407,24.83808266109027,24.887991290167175,8351900
2019-02-01,24.870534896850586,25.172096370235703,24.803521058572123,24.99618564390571,6321100
2019-02-04,24.895668029785156,24.971058809503358,24.451701880040414,24.878915765864814,6806700
2019-02-05,25.121837615966797,25.20560531733359,24.8035222680562,24.920796091328103,8605900
2019-02-06,25.222362518310547,25.352200954779306,24.912422461517075,25.113464012787343,6816900
2019-02-07,25.222362518310547,25.352200954779306,24.962682449900587,25.19723172525068,7865400
2019-02-08,25.079957962036133,25.322882571402147,24.933364065349398,25.063204099945725,6207400
2019-02-11,25.440153121948242,25.456905383084774,25.1302131237515,25.1302131237515,7950900
2019-02-12,25.49879264831543,25.959512630460225,25.482038787722797,25.582560353542505,7257000
2019-02-13,25.775222778320312,25.942756576876427,25.582558190999602,25.582558190999602,3913100
2019-02-14,25.825477600097656,26.118663686183947,25.758463774512414,25.93437446752281,7723500
2019-02-15,26.596139907836914,26.671530668465394,26.0600292524662,26.0600292524662,7141800
2019-02-19,26.604516983032227,26.679907744075816,26.42860467468525,26.537503150741898,4788100
2019-02-20,26.62965202331543,26.851635078662937,26.596144302949593,26.61289816313251,7874600
2019-02-21,26.621273040771484,26.797183765921588,26.508186889859594,26.67990994915485,5340000
2019-02-22,26.70503807067871,26.945450983162043,26.654778093753002,26.688285810194046,6073900
2019-02-25,26.663156509399414,27.061051876773234,26.65477957982212,26.90608107619719,8686400
2019-02-26,26.81393814086914,26.93121516235289,26.503999715628055,26.56263662863388,9412600
2019-02-27,26.82231903076172,26.97896428229251,26.71342052753009,26.805565169074363,10472900
2019-02-28,27.316543579101562,27.35005129856661,26.772054321946587,26.855823620609204,12213500
2019-03-01,27.19089126586914,27.848465082774048,27.132254354461466,27.47570049076584,5769500
2019-03-04,27.19089126586914,27.383555859847494,26.939589760483113,27.241152845135147,4257800
2019-03-05,26.989852905273438,27.20764670378174,26.755303648301904,27.090372874164025,8446700
2019-03-06,26.713417053222656,27.149007814024515,26.70504012346847,27.056863184464433,4948200
2019-03-07,26.386730194091797,26.738553327255808,26.29458554563046,26.688293336157038,7009700
2019-03-08,26.420236587524414,26.453742713988333,26.03909341456073,26.135427322768045,5588200
2019-03-11,26.82231903076172,26.86420208724392,26.53750977302141,26.59614669119097,7351700
2019-03-12,26.98147201538086,27.03173359316266,26.74692437667629,26.880952055289175,5395000
2019-03-13,27.576221466064453,27.69349848865669,27.14063387832466,27.266283037893864,7867800
2019-03-14,27.50920867919922,27.799881600191505,27.42544257446667,27.55947025932199,7339100
2019-03-15,27.90291976928711,27.911295102582418,27.442196551233845,27.517587332781428,13405300
2019-03-18,27.84427833557129,28.108144430472528,27.802392089468164,27.92804443683367,4803100
2019-03-19,27.710254669189453,28.112337765326902,27.643239222097012,28.020193123310996,5700800
2019-03-20,27.182514190673828,27.643234120250305,27.123877283026196,27.609726402888285,5243500
2019-03-21,27.567848205566406,27.76889134964816,26.989854358973957,27.06524513857057,4922700
2019-03-22,26.663156509399414,27.37517954611005,26.51237497247999,27.257905727499807,6752100
2019-03-25,26.294580459594727,26.872577435244768,26.068409744529234,26.629651262738868,8774300
2019-03-26,26.612892150878906,26.69665983513307,26.25269222700098,26.487241423365504,5009600
2019-03-27,26.495620727539062,26.780429938076384,26.361593051725723,26.621273071633,4887300
2019-03-28,26.663156509399414,26.83906883505072,26.487245781484052,26.487245781484052,3505200
2019-03-29,26.7217960357666,26.989853015285007,26.625463732797094,26.830692935464622,4448100
2019-04-01,27.29141616821289,27.417065331198376,26.864200705834484,26.880954566660325,4426100
2019-04-02,27.15738296508789,27.345861486697267,27.09874605493527,27.291413840261818,5471500
2019-04-03,27.0987491607666,27.391936940604374,27.006607716731963,27.224401522907407,6701600
2019-04-04,27.224403381347656,27.475704927311746,27.123883402056528,27.20764951888705,2838800
2019-04-05,27.065237045288086,27.408683117311895,27.035918595071593,27.182510846154056,3704100
2019-04-08,27.257905960083008,27.26209202830345,26.960532147363384,27.09874589449228,2935300
2019-04-09,27.031736373901367,27.199271788269723,26.93959173622516,27.199271788269723,4668600
2019-04-10,27.266279220581055,27.33329465268009,27.031731599177796,27.031731599177796,3026700
2019-04-11,27.324920654296875,27.76470071278129,27.2411545457628,27.375182236700645,3493700
2019-04-12,27.643234252929688,27.85265269423976,27.433815811619613,27.60135120376204,69332000
2019-04-15,27.601350784301758,27.953172226529546,27.350049297643086,27.718624598377687,3398200
2019-04-16,27.777267456054688,27.84428290443846,27.45057513386494,27.718630536455116,3230600
2019-04-17,27.84427833557129,27.995056678749187,27.69768286515422,27.886161386202478,4607100
2019-04-18,27.928049087524414,28.305002996920873,26.98147664736719,28.305002996920873,6769700
2019-04-22,28.103954315185547,28.154215891703153,27.566169186976076,27.752132865977824,3998600
2019-04-23,28.028564453125,28.13746294135998,27.831710599748206,28.070447503839397,4474400
2019-04-24,28.087207794189453,28.1919170426861,27.844284766236463,27.944804750060896,5069600
2019-04-25,28.06207275390625,28.34688197833194,27.87778349237433,27.986681982867918,3943300
2019-04-26,28.815980911254883,28.815980911254883,28.028565469202704,28.045319329190203,5281700
2019-04-29,28.824357986450195,29.084038038750556,28.72383801591906,28.841111847450758,3205900
2019-04-30,29.04214859008789,29.109164026709703,28.673573275083605,28.924874771471615,4130500
2019-05-01,28.614938735961914,29.20968640562015,28.568866418336203,29.10079110529771,3950900
2019-05-02,28.606563568115234,28.94582045851934,28.55630198619633,28.6819543432575,3320500
2019-05-03,28.943702697753906,29.0279870918229,28.682415931750374,28.766703541062903,2621300
2019-05-06,28.901565551757812,28.96899243574829,28.353707248831228,28.395849453230788,2441500
2019-05-07,28.657135009765625,28.842564559295116,28.412705733612015,28.5559930805877,3253900
2019-05-08,28.505414962768555,28.74141382335245,28.370558011685855,28.530699636333022,3255400
2019-05-09,28.994274139404297,29.036416334805185,28.282059140728602,28.328416520242605,6861300
2019-05-10,29.5084171295166,29.5084171295166,28.90156237924021,28.95213173287106,6703800
2019-05-13,28.648700714111328,29.15441344918625,28.589697786950868,29.019556505483393,6193900
2019-05-14,29.306133270263672,29.57584720697627,28.67399062823532,28.68241778208845,5217400
2019-05-15,29.38199234008789,29.542133995189666,28.89313378991835,29.011133242650597,5080200
2019-05-16,29.702272415161133,29.744414608378733,29.38198595926951,29.38198595926951,5038100
2019-05-17,29.42413330078125,29.70227761212174,29.339848899598937,29.356706422884162,3969700
2019-05-20,29.499998092651367,29.710712364741735,29.348283559526735,29.407283298492466,4498800
2019-05-21,29.626415252685547,29.921413821163092,29.626415252685547,29.70227248675738,7097800
2019-05-22,29.702272415161133,29.85398366769585,29.52527005925801,29.660127006700282,4239000
2019-05-23,29.289276123046875,29.567420432424484,29.078561906334308,29.474705662631948,3951200
2019-05-24,29.339845657348633,29.52527196250763,29.171273658368538,29.466272245151114,3111100
2019-05-28,29.162843704223633,29.73598657975,29.027986746172928,29.120701507690942,4485300
2019-05-29,28.968982696533203,29.074339779733673,28.70769918795157,29.0616974441885,6789900
2019-05-30,28.850990295410156,29.213419006995217,28.703490986100842,29.00270478934082,7363900
2019-05-31,28.34527587890625,28.749846768418863,28.294703312000816,28.69084704798433,5320700
2019-06-03,28.067134857177734,28.59813561826115,27.751063511454465,28.319991290707552,14862700
2019-06-04,28.606557846069336,28.623415367433942,28.227274868717814,28.3621318243912,11834100
2019-06-05,28.716135025024414,29.044848709589637,28.311564089002296,28.775134752241556,9162400
2019-06-06,28.935274124145508,28.977416319111438,28.387415943858272,28.85941688710948,8399200
2019-06-07,28.47170066833496,28.960559138365344,28.345274081951647,28.960559138365344,7046100
2019-06-10,28.083984375,28.968983247672586,28.083984375,28.817268787758078,10963200
2019-06-11,28.699277877807617,29.04063712147009,28.236549602414875,28.277849412009434,8644500
2019-06-12,28.48012924194336,28.79198532699652,28.400056824942503,28.665555533336562,4832800
2019-06-13,28.64027214050293,28.834128808265735,28.509630372394888,28.55598775112549,3888200
2019-06-14,28.614990234375,28.728774492564074,28.227276861349825,28.657132433139708,3808200
2019-06-17,28.665555953979492,28.935273065428156,28.589698719719017,28.665555953979492,3945600
2019-06-18,29.027986526489258,29.314557962083672,28.539131262971424,28.623415655398937,4251400
2019-06-19,28.52227783203125,29.074348076668,28.35370580775657,28.985848487353675,5514200
2019-06-20,28.859424591064453,28.909993952425587,28.522280510850436,28.758279437853705,4081500
2019-06-21,28.918420791625977,29.044847394835273,28.606561430173254,28.791990973172833,7269000
2019-06-24,28.648700714111328,29.162840601498797,28.589697786950868,28.94369927369784,4470800
2019-06-25,28.57284927368164,28.77513312261473,28.488561657256344,28.58970358172289,3582100
2019-06-26,28.850990295410156,28.985847266099217,28.602349061894998,28.60656103127255,4790900
2019-06-27,28.901565551757812,29.070137584600154,28.770920538301848,28.842565822549606,5981200
2019-06-28,29.22184181213379,29.2471297008547,28.842558848996667,29.07855770876969,7422800
2019-07-01,29.558990478515625,29.719132127979364,29.306134057956736,29.449418184017368,6525300
2019-07-02,29.660131454467773,29.946702912661635,29.542132009666254,29.584274209203407,4195400
2019-07-03,29.946699142456055,30.018344409417377,29.542128290395013,29.77813036552978,2642300
2019-07-05,30.014127731323242,30.115269635492844,29.841340563758802,30.022554883652724,5178300
2019-07-08,30.08999252319336,30.144777065207194,29.828705721928365,29.828705721928365,5509500
2019-07-09,30.140560150146484,30.20799024282559,29.837134378821865,29.88770373308741,4049400
2019-07-10,29.938276290893555,30.443989124814017,29.912991613770668,30.1658480307309,3319700
2019-07-11,30.03942108154297,30.08156328585103,29.727564911370425,30.030993926778994,3787200
2019-07-12,30.309139251708984,30.359711833040233,29.908783432381338,30.10685535687306,4544900
2019-07-15,30.207990646362305,30.309132571488295,29.98884927271536,30.309132571488295,3460900
2019-07-16,30.368133544921875,30.549347909817143,30.182707210437478,30.283849139723873,3357700
2019-07-17,29.955135345458984,30.376563800352066,29.95513534545898,30.35970627632707,3354300
2019-07-18,30.418710708618164,30.519852653171025,29.78656792848499,29.904567399670736,5664800
2019-07-19,29.54214096069336,30.393428439398146,29.49157159202416,30.393428439398146,6922900
2019-07-22,29.78656578063965,30.039422231411095,29.584278690875966,29.66013594763182,5337800
2019-07-23,30.410280227661133,30.490349451356476,29.828706875775275,29.853991555337583,4482500
2019-07-24,30.840131759643555,30.86963162029552,30.250131331360503,30.250131331360503,4740500
2019-07-25,30.772703170776367,31.073604979350467,30.671561245784215,30.924417665886505,3524200
2019-07-26,30.84855842590332,31.008703279978363,30.578844499848486,30.76427402972754,2924400
2019-07-29,30.637842178344727,30.941271128745132,30.625199841285276,30.78955665354493,1942900
2019-07-30,30.50298309326172,30.545128500839997,30.317556803938633,30.42712586096126,2344000
2019-07-31,30.241708755493164,30.57042245687176,30.13213644995225,30.477707676432843,5084300
2019-08-01,29.938276290893555,30.743202926662068,29.862419044281108,30.275417108425934,4499500
2019-08-02,29.734731674194336,30.057011078778782,29.38700677482947,29.88739170174791,3508600
2019-08-05,28.615222930908203,29.370040052313858,28.53041001905928,29.234342628637357,5601700
2019-08-06,29.064720153808594,29.124087574693966,28.619461261886517,28.835730143844252,4875400
2019-08-07,29.183454513549805,29.297947898999965,27.868037487828406,28.589777079220198,5200900
2019-08-08,29.69232749938965,29.94676306896037,29.336122878442893,29.429415489247802,3894200
2019-08-09,29.90435218811035,30.09942030261986,29.497259844251648,29.565110185869276,3700800
2019-08-12,28.750926971435547,29.666883983233422,28.72548147438385,29.56511170087422,4910600
2019-08-13,29.412445068359375,29.64143507881277,28.683070198459337,28.886617952845178,4745300
2019-08-14,27.8519229888916,29.064720132277387,27.767113312055837,28.937502381741954,6532300
2019-08-15,27.784074783325195,28.21237112523771,27.521162823865303,27.860404792425623,6286000
2019-08-16,28.352304458618164,28.369267039014538,27.932491108472462,28.063947062442608,4844700
2019-08-19,28.37775230407715,28.81876977545156,28.3607897203379,28.66610975708034,6333200
2019-08-20,27.936735153198242,28.526171194950674,27.919772569264396,28.318385203504658,3624100
2019-08-21,28.021549224853516,28.4710463940924,27.953698886328745,28.216614095188923,2847200
2019-08-22,27.885854721069336,28.225096743588253,27.792562113409808,28.097882198374617,3251000
2019-08-23,26.757862091064453,27.902812200108848,26.622164659838667,27.6568595949865,5026200
2019-08-26,26.995332717895508,27.13018250181797,26.693406507272066,27.054700140341637,4920900
2019-08-27,26.622169494628906,27.181921904500843,26.511915918350425,27.02926347987863,4925800
2019-08-28,27.114070892333984,27.122552184816477,26.46950722243474,26.50343239236471,5017500
2019-08-29,27.360017776489258,27.64837520683061,27.24976584377182,27.410905523707775,3303700
2019-08-30,27.181917190551758,27.58900948756135,26.957168621552068,27.572046904109033,3524600
2019-09-03,26.91900634765625,27.13103380939044,26.69934685494319,26.93596893282886,5500000
2019-09-04,27.39394187927246,27.44058817026057,27.173434787104583,27.25824446056569,5271100
2019-09-05,28.225093841552734,28.58978132384414,27.6483789037562,27.673824398408726,4186900
2019-09-06,27.885854721069336,28.284464178411127,27.86040922380057,28.275984502843237,2807000
2019-09-09,28.589780807495117,29.00959749121633,28.148763319775625,28.16572590414355,5614900
2019-09-10,28.666107177734375,28.759399762264866,28.250535237002584,28.56433491973827,3629800
2019-09-11,28.776369094848633,28.810294267232763,28.326871884247677,28.784848770303412,3224600
2019-09-12,28.70851707458496,28.954469707091786,28.335349905985943,28.742442244989142,4742800
2019-09-13,28.988393783569336,29.090166055659004,28.69155664194022,28.95446861444538,3674500
2019-09-16,28.7424373626709,28.81876736547339,28.403195422101206,28.71699510683066,2403800
2019-09-17,28.80181121826172,28.86117865200776,28.36927659592877,28.72548119840502,2625100
2019-09-18,28.903581619262695,29.005353882631386,28.513448678332512,28.700033857243387,2972000
2019-09-19,28.869661331176758,29.264032558059846,28.784848401303666,28.886623917151375,3365300
2019-09-20,28.716997146606445,29.124089445375013,28.67459230543343,28.886619746580514,8239000
2019-09-23,28.9375057220459,29.05624057743444,28.34382820982102,28.479528884873254,3913900
2019-09-24,28.55585479736328,29.158015201194342,28.403198013114324,29.06472260756071,5327700
2019-09-25,28.70851707458496,28.75940483019123,28.2590198902177,28.504972522724522,3496400
2019-09-26,28.54737663269043,28.801808933602803,28.437121449358244,28.437121449358244,3325100
2019-09-27,28.51344871520996,28.86117358117782,28.2717375673455,28.767880991601725,4011100
2019-09-30,28.912059783935547,29.030794624214593,28.577056064415817,28.589777192262606,4189900
2019-10-01,28.114845275878906,29.20890461906949,28.1106038203796,29.1071323340644,5166400
2019-10-02,27.28369140625,28.01306637042607,27.258249146893885,27.962181851713833,5134000
2019-10-03,27.35154151916504,27.402429272739493,26.766345294187584,27.164956324674232,4611400
2019-10-04,27.68230628967285,27.695027420376608,27.309139102805307,27.38546912231031,3217600
2019-10-07,27.495725631713867,27.86465465962743,27.368511068327923,27.73998302869034,3308900
2019-10-08,26.630645751953125,27.17767530976527,26.630645751953125,27.14799159800961,4842200
2019-10-09,27.2667293548584,27.37698129133092,26.791786737154816,26.868116742941428,4364100
2019-10-10,27.555091857910156,27.928259046274935,27.24128886797359,27.326101798476373,4486400
2019-10-11,28.021549224853516,28.513451238029276,27.9638770841639,27.970661470959936,5135100
2019-10-14,28.089397430419922,28.267502958395813,27.851927706828516,27.91977481273363,2806800
2019-10-15,28.57281494140625,28.750920439172102,28.076671537937013,28.182685251598738,5131100
2019-10-16,28.40319061279297,28.818762485799354,28.33109884131612,28.58977251616511,4966600
2019-10-17,28.81877326965332,28.992637347599683,28.4795312595822,28.496490610095687,6175900
2019-10-18,29.081682205200195,29.63295156553819,28.750919941941053,29.42940705058567,7087500
2019-10-21,29.734731674194336,29.785616193190705,29.310676761052683,29.39548644956812,6174700
2019-10-22,29.65839958190918,29.88738960719155,29.505739565054263,29.760171848051787,4263800
2019-10-23,29.760160446166992,29.91282040453394,29.408194251305375,29.590537910728074,5269000
2019-10-24,29.69232749938965,29.819545284175007,29.38701063941357,29.743215260360323,4952000
2019-10-25,29.929798126220703,30.031570404868987,29.531185451531528,29.683845487145152,4640800
2019-10-28,30.260560989379883,30.514993308107222,30.065496103846172,30.107900951086986,5394300
2019-10-29,30.353851318359375,30.548916189265913,30.201191291513872,30.201191291513872,4978100
2019-10-30,30.184221267700195,30.404728343641253,30.014598697978617,30.362323510031214,3832600
2019-10-31,29.997634887695312,30.24358744194446,29.68383524950785,30.06548520691492,5056900
2019-11-01,30.501161575317383,30.569433324282986,30.189662564479747,30.27073831843709,3411100
2019-11-04,30.89373207092285,30.919333569003513,30.62917132047459,30.72304782081208,4137900
2019-11-05,30.96200180053711,31.183892287884785,30.85105981239435,30.93640030412433,7218100
2019-11-06,31.4228458404541,31.454421233958108,30.92359716580582,31.013205651855703,4942600
2019-11-07,31.542325973510742,31.853824951007063,31.499655728033026,31.610600970699927,4834700
2019-11-08,31.5252685546875,31.559406065551432,31.072957930103183,31.49113429935579,4013100
2019-11-11,31.48259162902832,31.61913838804496,31.25216836277558,31.32897611819316,3094900
2019-11-12,31.48259162902832,31.5593993844459,31.277773118269128,31.43138862910429,3653700
2019-11-13,31.200963973999023,31.499658978698466,31.13268896976407,31.200963973999023,2813800
2019-11-14,31.34604263305664,31.469788633261356,31.02174288271088,31.03027888577675,3107100
2019-11-15,31.619136810302734,31.78128831672183,31.508191556784094,31.57646656065137,4583800
2019-11-18,31.67034339904785,31.695091948776202,31.311906136006378,31.508191890909238,4410500
2019-11-19,31.508195877075195,31.781292674458985,31.431391370490402,31.738619163425014,3271400
2019-11-20,31.200963973999023,31.516727729757207,31.11135547258919,31.354579477996275,3894200
2019-11-21,31.380176544189453,31.474053033986227,30.99784373664947,31.243629810538945,3304300
2019-11-22,31.49112319946289,31.67460818626703,31.30337021142208,31.465518447573917,3071900
2019-11-25,31.858104705810547,31.934909222687747,31.508200099420197,31.567942371767327,5636800
2019-11-26,31.909299850463867,32.079984108798556,31.59353608864014,31.858096851835477,4906700
2019-11-27,31.90077018737793,31.98611069703208,31.678879653426332,31.900770187377933,3056300
2019-11-29,31.926372528076172,32.0671873026842,31.806894509208217,31.858100769665278,1592300
2019-12-02,31.695947647094727,32.08851919094943,31.653277393289944,32.08851919094943,4065900
2019-12-03,31.4228458404541,31.499653579286978,30.85959017418995,31.354574103453114,4854200
2019-12-04,31.98609161376953,32.10983755781206,31.431372120905955,31.431372120905955,6140500
2019-12-05,31.994644165039062,32.09705341961221,31.70448189747222,31.79835514843756,4815300
2019-12-06,32.22506332397461,32.48962408480296,32.20799782827213,32.361610078314406,4408300
2019-12-09,32.054378509521484,32.293334487307156,32.04584250715426,32.225059490493514,4228300
2019-12-10,31.93490219116211,32.12265520583011,31.849561687512036,31.960506946682358,4447900
2019-12-11,31.695947647094727,32.03731618859636,31.580737636268644,31.875164666393825,4402100
2019-12-12,32.165321350097656,32.26773384803736,31.508189138207907,31.576464136834378,5341900
2019-12-13,32.165321350097656,32.58349757785699,31.934898113029995,32.097049607002305,4466700
2019-12-16,31.730083465576172,32.52376251517346,31.721547461949978,32.34454550540156,6458100
2019-12-17,31.49965476989746,31.811153737918815,31.45698452571766,31.80688573684155,8197900
2019-12-18,31.39724349975586,31.63619945611486,31.337504510666108,31.576460467025107,6621600
2019-12-19,31.098548889160156,31.46551886766782,30.93640065084349,31.41431587426841,6519800
2019-12-20,31.35459327697754,31.585013378848632,31.162572184707873,31.24364797403503,14461600
2019-12-23,31.00468635559082,31.388721960821538,30.94067933620829,31.380189210818912,3005200
2019-12-24,30.996139526367188,31.107084770853263,30.953469280189804,31.004675528921325,1135000
2019-12-26,30.94493293762207,31.141221927837254,30.880929196824802,31.064414183349463,2651500
2019-12-27,30.97053337097168,31.107080091517695,30.923595130577993,30.987602117981258,2932200
2019-12-30,30.765718460083008,31.085750212279848,30.72731621247443,31.081482210701783,2568100
2019-12-31,30.731571197509766,30.910791396019597,30.61209323552341,30.740107197954675,2657700
2020-01-02,30.902259826660156,30.927864576136063,30.74864435192778,30.842520837100984,3568100
2020-01-03,30.458492279052734,30.70171631900651,30.339014260202717,30.441423525569608,3993900
2020-01-06,30.44995880126953,30.44995880126953,30.048851242846094,30.159796510065043,5145900
2020-01-07,30.02324676513672,30.368880027926096,30.00617801375396,30.304873024123612,3113300
2020-01-08,30.25366973876953,30.428618741604645,30.040315231804346,30.05738398302533,4736700
2020-01-09,30.236604690551758,30.595038743494733,30.134195426215452,30.42435772144483,3946000
2020-01-10,30.270740509033203,30.4499575255101,30.048849983891834,30.228067000368732,4881700
2020-01-13,30.219532012939453,30.36034676782309,30.031779006427943,30.32194126397692,3902800
2020-01-14,30.21099853515625,30.454222535200223,30.134190784851242,30.18539378136704,7005100
2020-01-15,30.04031753540039,30.253672058726345,29.912303519192154,30.100056541489124,5256400
2020-01-16,30.279266357421875,30.390211594710408,30.134186878724545,30.210994619073393,5872500
2020-01-17,30.51822280883789,30.69744304284753,30.287802839668675,30.373143327840168,5697600
2020-01-21,30.484092712402344,30.7315814639679,30.30487245402064,30.35607870720561,5853200
2020-01-22,31.081478118896484,31.085746119912677,30.586497433538078,30.782783158381143,5703000
2020-01-23,30.89373207092285,31.041373670548506,30.582233070305847,31.021742816857458,8295000
2020-01-24,27.847026824951172,29.442917377026873,27.68061059587132,29.101548916819993,15776300
2020-01-27,27.48006248474121,27.531265485363058,27.05335345005744,27.377653227965947,8073100
2020-01-28,27.795820236206055,28.081714446170547,27.54832826838715,27.65927350491474,6472200
2020-01-29,27.85556411743164,28.09025537906631,27.719017362170952,27.838495366082626,4654100
2020-01-30,28.26520538330078,28.393219395182108,27.59100758658293,27.59100758658293,6375800
2020-01-31,27.659278869628906,28.171328397404277,27.484329862259397,28.103056646282262,6716700
2020-02-03,27.667814254760742,28.094523320421075,27.501397979595755,27.86410328983249,7252900
2020-02-04,27.864093780517578,28.34200568741747,27.829956285587386,28.07744824053523,6005900
2020-02-05,28.529766082763672,28.61510658677995,28.14572730362731,28.222535059454582,6349000
2020-02-06,28.51258087158203,28.91634551061567,28.41808576276982,28.67580654800716,5478200
2020-02-07,28.51258087158203,28.57271561223416,28.138886879972038,28.332176649625648,6453500
2020-02-10,28.581314086914062,28.641448840031938,28.392317275916028,28.392317275916028,7959500
2020-02-11,28.632848739624023,28.83472774756325,28.58989255183987,28.71875456099829,9637500
2020-02-12,28.847625732421875,29.139706928700793,28.624265282552262,28.796080256967794,7149300
2020-02-13,29.053791046142578,29.105336503795126,28.73593558336086,28.761706673638667,4214400
2020-02-14,28.9936580657959,29.199836631742073,28.839024960610548,29.07956388996681,5615800
2020-02-18,28.581314086914062,29.16548306900048,28.503997507605618,28.864806026312856,5570000
2020-02-19,28.667213439941406,28.744530001716875,28.353654195089106,28.624260522754483,6086500
2020-02-20,28.89916229248047,29.10963387459949,28.521172044191573,28.555535687789863,4866400
2020-02-21,28.632848739624023,28.83472774756325,28.375124721307184,28.787478562678295,4868400
2020-02-24,27.705059051513672,27.979961700864724,27.59337882612166,27.644924301786762,8475600
2020-02-25,26.42503547668457,27.705051618397082,26.278993278580533,27.670687977173262,9860700
2020-02-26,26.27899932861328,26.9834377503936,26.27899932861328,26.63121853950344,9640700
2020-02-27,25.49724578857422,26.450815805305847,25.248114233787046,25.65187894140087,10894900
2020-02-28,24.998977661132812,25.076294216959248,24.11413354364617,24.638167613458986,17476000
2020-03-02,26.10718536376953,26.115776276383606,25.041936777860027,25.15361700329394,10614500
2020-03-03,24.801393508911133,26.347721465140726,24.66394056929969,25.96113865680895,9562500
2020-03-04,25.89241600036621,26.01268713161527,24.990391528017476,25.23093215196665,8613900
2020-03-05,25.136430740356445,25.660464847456083,24.895890145275732,24.947435611860083,10808400
2020-03-06,24.268770217895508,24.801395276382507,23.843529098425748,24.1399098187846,10763700
2020-03-09,21.49397087097168,22.57640123554029,21.21047732110007,22.41317717999331,10877400
2020-03-10,22.567808151245117,22.69666854541198,21.115976892641445,22.44753702994707,11415700
2020-03-11,21.038663864135742,22.207001796500677,20.780943032490104,21.906326400548046,14890200
2020-03-12,18.616077423095703,20.600531911046385,18.59889560173368,19.380650449670274,14723600
2020-03-13,20.729394912719727,20.755167648018393,19.088568451995467,20.110864012491625,13296400
2020-03-16,15.334427833557129,17.19002229141608,15.24852034895183,16.751895594623136,16192200
2020-03-17,14.999385833740234,16.202087102674295,13.831049845803763,15.824095228479342,18349900
2020-03-18,11.966864585876465,14.25199432565152,10.437716939559516,13.874002459648155,13580600
2020-03-19,12.542442321777344,13.212517760556754,10.575168918492503,11.709142864007553,15389700
2020-03-20,11.520148277282715,13.057886175233309,11.391287884540946,12.860300130459342,12910800
2020-03-23,10.996115684509277,11.54592093620635,10.523626181876269,11.408469623282082,14916800
2020-03-24,12.662712097167969,13.10083870287351,11.752096882188086,11.923910996403695,12388300
2020-03-25,14.31213092803955,14.874823345271626,12.980569951361057,13.56473882818697,13320000
2020-03-26,16.348133087158203,17.061162447404097,14.60421715469098,14.733077566581388,18977200
2020-03-27,14.690120697021484,15.617917707436073,14.47535285536488,15.394558955487373,11821100
2020-03-30,14.406632423400879,14.604218515953146,13.796690680394905,14.552674674102379,7263600
2020-03-31,13.82246208190918,14.466765777566044,13.710782676349048,14.329314453576503,10746700
2020-04-01,12.465126991271973,13.057885933913632,11.992637527826789,12.860299892791206,12834500
2020-04-02,12.293313980102539,12.997752373985717,11.777870733331048,12.310494984715213,9770100
2020-04-03,11.382697105407715,12.250359496483519,11.15074741264958,12.061363541562935,12080000
2020-04-06,13.30701732635498,13.46165045838313,12.173043209547025,12.301903606720865,11558200
2020-04-07,13.84823226928711,15.62650987964004,13.710780151336587,14.604214412005978,14933800
2020-04-08,14.449581146240234,14.629986998033822,13.83534494458489,14.2262223784975,9894400
2020-04-09,15.136838912963867,16.253631086693275,14.896298329115819,15.325834032634615,13613700
2020-04-13,13.934141159057617,15.480471066236609,13.861120857481064,15.30865608592258,11938600
2020-04-14,13.6592378616333,14.587035107065589,13.40151704178228,14.14031749001141,10696500
2020-04-15,12.843117713928223,13.135202131195816,12.508080380582514,12.834526803002856,8363100
2020-04-16,12.173043251037598,12.886072532281908,12.04418285342455,12.75721213466886,9833900
2020-04-17,13.418694496154785,13.487420139163254,12.877479443007386,12.99774972790935,11646100
2020-04-20,13.392924308776855,13.732257112400656,12.697076059653961,13.00634231227498,10747600
2020-04-21,13.03211498260498,13.732257908703419,12.465127912287334,12.886072759126261,10929100
2020-04-22,13.788097381591797,13.891186686007606,13.100840813982755,13.427288093234276,9968600
2020-04-23,13.831049919128418,14.329311267438822,13.779506093730422,13.79668627649731,9048100
2020-04-24,14.578442573547363,14.61710085608131,13.908367861024066,13.959911691553053,12224400
2020-04-27,15.136838912963867,15.27429020700599,14.664348655963986,14.75025612437748,11560300
2020-04-28,16.098995208740234,16.51993992933051,15.798319940161926,16.021678664290143,10486400
2020-04-29,18.08345603942871,18.366949594281046,17.061162042610615,17.16424971425747,14835400
2020-04-30,17.00102424621582,17.963183322306055,16.68316709877164,17.50787487827756,10494900
2020-05-01,16.080171585083008,16.297353802617405,15.68055544319593,16.201793096672247,8218400
2020-05-04,16.010677337646484,16.123611389883823,15.263569792637327,15.593687773581983,7774900
2020-05-05,15.637116432189941,16.809900495997883,15.593680660443471,16.418971922405742,7899400
2020-05-06,15.029007911682129,16.00198491840189,14.994259620532526,15.810865174657263,6320800
2020-05-07,15.628433227539062,15.949863660205109,15.202756251337874,15.272254499350947,8191300
2020-05-08,16.175731658935547,16.227854925155732,15.897737039500793,16.054108495130105,4907500
2020-05-11,15.402563095092773,15.83692754779343,15.23316122365454,15.79349176531092,6252600
2020-05-12,14.751017570495605,15.74136972689954,14.733642593355233,15.428626766248927,5827500
2020-05-13,13.786728858947754,14.585960417964131,13.68248148041984,14.533835485973395,14054300
2020-05-14,14.829200744628906,14.924761445396209,13.178616312196443,13.378423543829225,11878200
2020-05-15,14.3687744140625,14.881322855494393,14.294931608207206,14.585956602979028,6019200
2020-05-18,15.602370262145996,15.732680922833778,15.254879033239304,15.33306476686442,7785900
2020-05-19,15.315691947937012,15.852566510715569,14.968200670096497,15.463375948140369,8177900
2020-05-20,15.732678413391113,16.006326780461826,15.619742746404704,15.689240981100719,8362400
2020-05-21,15.750052452087402,15.949861335854944,15.506809447973565,15.706616674772414,4733900
2020-05-22,15.506813049316406,15.767431087670332,15.241850438040771,15.70662032251902,4521200
2020-05-26,16.92283821105957,17.1530524913566,16.41897552615431,16.505848745683252,6925800
2020-05-27,18.54736328125,18.590799065651773,17.517919946813507,18.199872035128923,14811800
2020-05-28,18.451799392700195,19.407401397855235,18.251992167677134,19.120720962005592,10114700
2020-05-29,17.69601058959961,18.34755734440569,17.5743874019635,17.85238041889904,9237200
2020-06-01,18.330177307128906,18.48654875023594,17.539634262059902,17.782877256254288,5751000
2020-06-02,19.1728458404541,19.45083881293683,18.677670651098136,18.695045626120514,11442600
2020-06-03,20.580190658569336,20.936369419206972,19.7635849272925,19.885206458153423,11010800
2020-06-04,21.136171340942383,21.26648032771894,19.928638856127662,20.345628276600113,8537100
2020-06-05,22.169960021972656,23.89004269859931,22.02661897043607,23.238496079546604,13586600
2020-06-08,23.34274673461914,23.455680764790703,22.69554296222804,23.377495029683885,11088700
2020-06-09,22.465330123901367,22.73029270634314,22.03096566926735,22.387144389509732,6656100
2020-06-10,21.17092514038086,22.335020403460646,20.979803711825145,22.23077385785659,8059100
2020-06-11,19.242345809936523,20.25875874237133,19.10334931122484,19.251033298227124,9077500
2020-06-12,20.64968490600586,20.693120685179508,19.45952566720394,20.65837239323434,9480500
2020-06-15,21.18829917907715,21.414168911509982,19.57420091516196,19.728834235338237,9093700
2020-06-16,21.857221603393555,22.59564158802896,21.136176596507,22.55220414365683,9948600
2020-06-17,21.50103759765625,22.143896704770135,21.42285187383455,21.944089480322983,11956300
2020-06-18,21.066675186157227,21.544475403880476,20.866867942888874,20.9971769425435,9068400
2020-06-19,20.64968490600586,21.6400352524902,20.297849129611745,21.613972790804752,14823200
2020-06-22,20.667062759399414,20.93202370041795,20.137137563424353,20.44119303090134,11375400
2020-06-23,20.779991149902344,21.292541229756562,20.65402508721629,20.98848584488174,10912100
2020-06-24,19.190217971801758,20.284816381477633,19.172842999354067,20.197943176207758,8393100
2020-06-25,19.763582229614258,19.815705499015806,18.842730070998897,19.033849830117145,7674500
2020-06-26,18.582109451293945,19.381340054412437,18.451800456029044,19.30315432585974,11816500
2020-06-29,19.068599700927734,19.25971945924313,18.52564414744994,18.886165773335392,5313100
2020-06-30,19.25103187561035,19.363967558073455,18.79929245969562,18.912228142158728,4662000
2020-07-01,18.773229598999023,19.694081648370112,18.590795692283162,19.372651268427244,5988200
2020-07-02,18.990419387817383,19.828743134170523,18.938294446791453,19.416096464379862,7211900
2020-07-06,19.807016372680664,19.867828781748546,19.381339451017816,19.52902341624523,4960300
2020-07-07,18.92960548400879,19.694086266003627,18.90354301780466,19.615900524360296,4684200
2020-07-08,19.39002799987793,19.407402974848825,18.78191878861589,18.903540299474535,5180700
2020-07-09,18.53866958618164,19.363962469256865,18.278051653088625,19.346587498525754,5288400
2020-07-10,19.598527908325195,19.61590288788813,18.486555727805282,18.582114801462932,4884400
2020-07-13,19.71146011352539,20.16319790305131,19.346593892428604,19.91995486029942,7377100
2020-07-14,19.502965927124023,19.941673325384606,19.242346243441467,19.607212475021843,6947000
2020-07-15,20.536746978759766,20.649682643386736,19.754891440521895,19.763578926798477,7054800
2020-07-16,20.632312774658203,20.962429049986376,20.197948295191715,20.34563228448908,4541300
2020-07-17,20.16319465637207,20.701807241537587,19.989449890521254,20.58887322658299,6367600
2020-07-20,19.442153930664062,20.21966676892907,19.433468098957796,20.1110756459413,6842200
2020-07-21,19.66802215576172,20.16319737346539,18.825355702561517,19.15547196204099,8415300
2020-07-22,19.911266326904297,20.11107357495358,19.233657192730238,19.320530413568278,4752100
2020-07-23,20.319568634033203,20.41512934417214,19.676709440755115,19.72014688034958,7382600
2020-07-24,20.46725845336914,20.710503213581415,20.13714210312404,20.41513516795557,7298600
2020-07-27,20.623624801635742,20.684435562217132,19.876517384278216,20.32825682998132,5636800
2020-07-28,20.050256729125977,20.67574074668545,19.98944599009541,20.423810305420467,4834700
2020-07-29,20.658376693725586,20.684437503867397,19.95470499445276,20.050265716890355,4075700
2020-07-30,20.128456115722656,20.254422250433286,19.73752730350673,20.163204422936577,4594400
2020-07-31,19.40926170349121,20.172301676889614,19.203154541288914,20.172301676889614,6283000
2020-08-03,19.926725387573242,20.163531071507105,19.330328303638176,19.558361547960363,6037300
2020-08-04,19.86532974243164,20.154758325646046,19.777623756307037,19.891642040124786,4207900
2020-08-05,20.461729049682617,20.514351973782638,19.900413398342128,20.110906767594813,5640300
2020-08-06,20.25124168395996,20.47050588437282,20.075829654488437,20.23370014644219,4311400
2020-08-07,20.777475357055664,20.777475357055664,19.77762950136158,20.049518304612032,5086500
2020-08-10,21.566823959350586,21.926417065394833,20.795013141851083,20.812554676988086,7728200
2020-08-11,22.014122009277344,22.913104731144013,21.95272831210393,22.408796493757627,5512300
2020-08-12,21.698379516601562,22.549123794157286,21.110751543033437,22.496500867930298,5416000
2020-08-13,21.66329574584961,21.724689431851903,21.207225974329045,21.400177797886602,4459900
2020-08-14,21.865020751953125,22.13690782266918,21.202842098924425,21.400180163497637,3860100
2020-08-17,21.35633087158203,21.821169849605713,21.242312564360944,21.751005380874616,4962500
2020-08-18,21.03182029724121,21.53174237313243,20.948500508877,21.43526726893518,4975100
2020-08-19,21.14583396911621,21.514197787262063,20.96165122361698,21.163373828759262,4647000
2020-08-20,20.996736526489258,21.154606990071194,20.751160063933707,20.795012226994118,4431700
2020-08-21,20.97042465209961,21.290550132949225,20.891489418700765,20.96165388473831,2264100
2020-08-24,22.14567756652832,22.15444833264351,20.98796320496424,21.13706288321735,5358000
2020-08-25,21.838712692260742,22.557898958017987,21.672071441729457,22.443882316824787,3955500
2020-08-26,21.444034576416016,21.935185804870997,21.342295020310367,21.733463188005004,3012500
2020-08-27,22.43510627746582,22.579821409865193,21.48350073236422,21.51419757750604,5587800
2020-08-28,22.610519409179688,22.74207756262478,22.30354926923935,22.584207109349595,3140900
2020-08-31,21.75977325439453,22.601748440032917,21.75977325439453,22.601748440032917,5755800
2020-09-01,21.80362319946289,22.093051751984415,21.391405610247247,21.6194404808479,3633700
2020-09-02,21.76854705810547,21.93518829974742,21.496659949107574,21.812400896881194,6939300
2020-09-03,22.031660079956055,22.698221549779145,21.57559029714866,21.979035485349613,7629400
2020-09-04,22.95256996154785,23.23322778966074,22.25969448464812,22.4965001544381,7218000
2020-09-08,22.391254425048828,22.89117639315459,22.198300912550028,22.46141888245222,5358900
2020-09-09,22.45264434814453,22.676292995818464,22.05007577862005,22.628054625789176,3077700
2020-09-10,22.27723503112793,23.320932746974716,22.202686030708,22.619288207747278,5687200
2020-09-11,22.619291305541992,22.67191423497782,22.16322145615745,22.356173312657326,3330300
2020-09-14,23.64544677734375,24.013810641874016,22.812243953114145,22.812243953114145,5575800
2020-09-15,23.233230590820312,23.803317082014782,23.215689056235174,23.733152616527043,4964100
2020-09-16,24.19799041748047,24.483034466186105,22.921873200497725,23.373556789725697,7267400
2020-09-17,24.24184226989746,24.320777492454646,23.584049863822653,23.750691075093663,4944200
2020-09-18,23.882251739501953,24.351476904808063,23.7349068673829,24.075205269584835,5310000
2020-09-21,22.71576690673828,23.23323046421022,22.509659731470943,22.89117890592812,6442600
2020-09-22,22.461421966552734,23.04027923782479,22.031664396841837,22.724538299729907,5322100
2020-09-23,22.014122009277344,23.049049112637135,21.90010370922433,22.566666956690852,5876600
2020-09-24,21.724689483642578,22.32547270605043,21.224767556029292,21.821164559225107,4978500
2020-09-25,22.04920196533203,22.163220257940342,21.50542782057027,21.549279980587205,3443600
2020-09-28,22.619291305541992,23.03150731968604,22.496502239721377,22.67191423497782,3322000
2020-09-29,22.40879249572754,22.777156285899753,22.16760229721237,22.66313967904162,3377400
2020-09-30,22.95256996154785,23.342859858320626,22.408794164939668,22.52281245314341,6467700
2020-10-01,23.373552322387695,23.4174061453429,22.901695893644423,23.198142049123778,5059800
2020-10-02,24.0839786529541,24.206767741107058,22.698228991523024,22.917493189046,3597400
2020-10-05,24.890865325927734,24.978571319631403,24.40848486983658,24.452337030262072,4232100
2020-10-06,24.119056701660156,25.46095391310677,23.82962808815434,25.30308345613038,5768200
2020-10-07,24.820697784423828,25.18029080840346,24.461104760444197,24.51372935384547,3930900
2020-10-08,25.56620216369629,25.605669781636887,24.8996388789511,25.0575093507135,3265700
2020-10-09,25.294309616088867,25.864396007020076,25.136439178293525,25.64513188182711,6596000
2020-10-12,25.32062530517578,25.59251238843712,25.216254349766235,25.59251238843712,4034800
2020-10-13,25.03119659423828,25.346935838087937,24.824211179573865,25.092590289629804,3181600
2020-10-14,25.14520835876465,25.47410452581885,25.02242099171052,25.14520835876465,2827100
2020-10-15,25.522340774536133,25.557422159553248,24.662825930963415,24.82946543728619,2565300
2020-10-16,25.76792335510254,26.193296360946796,25.618823659342382,25.706529657940024,3656600
2020-10-19,25.50480842590332,26.298545330950155,25.465340808020265,25.969649072875654,5454900
2020-10-20,24.215530395507812,24.917174923330084,24.057659958534675,24.61020481508815,11557000
2020-10-21,23.5577392578125,24.250613056237963,23.509500880337114,24.136596441811907,6723500
2020-10-22,24.522502899169922,24.61020889791122,23.69807086041896,23.899793486526995,5012700
2020-10-23,24.33832359313965,24.934722420916295,23.820860002736556,24.759310410563312,7351400
2020-10-26,23.58405303955078,23.934877041646555,23.127984847961354,23.917335506971202,5266700
2020-10-27,23.005189895629883,23.677892355458106,22.996419130534903,23.58404700907945,3668900
2020-10-28,22.07551383972168,22.649986492850058,21.816782085760366,22.268465682072307,6082600
2020-10-29,22.329856872558594,22.457030461904594,21.715918348663255,21.996576150769975,4320800
2020-10-30,22.135225296020508,22.42717663595889,21.64863860450074,22.126378081181926,4695300
2020-11-02,22.966842651367188,23.157053546923784,22.4271760595534,22.568728118465245,3552600
2020-11-03,23.586135864257812,23.84270004406035,23.36938499677448,23.656911898783726,3985200
2020-11-04,23.462276458740234,24.16118953611891,22.27589248890867,22.949149825212746,6709700
2020-11-05,24.31159019470215,24.470836691327044,23.736534713782923,23.763076359031654,4233300
2020-11-06,23.709989547729492,24.563726270967017,23.57728471605927,24.355822653409284,3108400
2020-11-09,26.408334732055664,27.425740912282603,26.31986426259379,26.53219237684198,11257300
2020-11-10,26.19600486755371,26.859530813034333,26.16061600715988,26.426027397812373,5692200
2020-11-11,26.01021957397461,26.368524231251566,25.25822308258503,26.311018170530442,5649200
2020-11-12,25.753658294677734,26.38621993068962,25.390930855662614,25.585564556191652,4225200
2020-11-13,26.558731079101562,26.753364740389795,25.957133978385997,26.10753325356489,4021600
2020-11-16,27.523059844970703,27.88578726751526,27.054167516772996,27.42574215540814,6004500
2020-11-17,27.045316696166992,27.213410404617342,26.147345475574998,27.027622266344068,3914600
2020-11-18,26.61181640625,27.744234736013325,26.61181640625,27.08955594280815,4522800
2020-11-19,26.585275650024414,26.691440557520306,26.080996136145334,26.364100306222433,3129000
2020-11-20,26.05445098876953,26.42602555989317,25.939438887922375,26.34640231697856,4045900
2020-11-23,27.098403930664062,27.337273720622004,26.399490681725048,26.611818821431864,3395700
2020-11-24,28.283899307250977,28.301593737830782,27.567291743106566,27.868090313228176,5505400
2020-11-25,27.761924743652344,27.956560100440626,27.42131624414032,27.956560100440626,3173300
2020-11-27,27.50535774230957,27.70441583025126,27.301876891272936,27.602675404732942,1351100
2020-11-30,26.956844329833984,28.230814500698273,26.925879923548532,27.956557607555585,6726500
2020-12-01,27.841543197631836,28.345824245483033,27.50535751983115,27.646909561792857,4774700
2020-12-02,28.602392196655273,28.721825376973683,27.452279592802103,27.77961810077417,4440800
2020-12-03,28.620084762573242,28.956272190465288,28.3546750562869,28.478532694229358,3168700
2020-12-04,29.168603897094727,29.230532720135322,28.4696890372163,28.982814053105198,4127200
2020-12-07,28.814722061157227,29.150909511672413,28.60239563178703,29.044746296987313,4580600
2020-12-08,28.655471801757812,28.77048390462204,28.198081098303064,28.372367683066873,3837000
2020-12-09,28.620084762573242,29.062435398006322,28.3546750562869,28.79702569171998,4979700
2020-12-10,29.17745018005371,29.288037849038844,28.213125571508627,28.575852990785155,4741100
2020-12-11,28.549314498901367,28.929736369770396,28.317521814819937,28.85011310901018,4805200
2020-12-14,28.230817794799805,29.00050696575419,27.99194804349653,28.973967007231906,3039000
2020-12-15,28.956270217895508,28.98281017425592,28.04502905093688,28.620082812905345,4375000
2020-12-16,29.15974998474121,29.283607609545818,28.56257736522348,29.124361127692136,3083900
2020-12-17,29.460554122924805,29.48709745819338,29.02705235366248,29.274767650383808,3047000
2020-12-18,28.620084762573242,29.416317256299795,28.460838263827934,29.380928395496944,8973900
2020-12-21,29.531328201293945,29.978099895549022,28.584698148806577,28.929731090852034,6644700
2020-12-22,29.42516326904297,30.022339336614106,29.40747221321748,29.64633859040485,3663400
2020-12-23,30.19485092163086,30.43372063495655,29.668452662179785,29.72595702145805,2976300
2020-12-24,30.04445457458496,30.256784366131296,29.734810477400245,30.256784366131296,844400
2020-12-28,30.03561019897461,30.53988967651629,30.03561019897461,30.230242192585365,1903000
2020-12-29,30.017908096313477,30.265623320257387,29.593251980323853,30.14176570828543,2217000
2020-12-30,30.336408615112305,30.654901625486342,30.017915604738267,30.079844426214592,2617500
2020-12-31,30.70798110961914,30.769909930219505,30.168312780215132,30.26563046254931,2331600
2021-01-04,30.203697204589844,30.999929602284542,30.141768393087712,30.96454074574986,6207600
2021-01-05,30.761070251464844,30.946856748593415,30.2523662356305,30.301025086050114,5154200
2021-01-06,32.62778091430664,33.04358817974378,31.10609378371813,31.442281181727335,10200000
2021-01-07,32.47739028930664,33.11437643032355,32.1942860877143,32.99051876398544,8355600
2021-01-08,32.362369537353516,32.70740244428,31.884630108593587,32.60123587686643,4615000
2021-01-11,32.10580825805664,32.318134662083565,31.495362253027707,31.831549663415572,4701400
2021-01-12,32.34468078613281,32.77818253378567,32.035033305798855,32.22966867201634,3777700
2021-01-13,33.096675872802734,33.583260918339455,32.38891549976135,32.44199541844716,7977600
2021-01-14,34.42372131347656,34.66259102689256,33.193987265601905,33.36207926769448,10254800
2021-01-15,34.29986572265625,34.66701752841582,33.47709334161618,33.822126267561906,7955700
2021-01-19,35.122642517089844,35.352663371668235,34.75991511668738,35.10494808598879,7771800
2021-01-20,35.30842208862305,35.99848789251482,34.998778041970844,35.38804532560033,5688800
2021-01-21,33.769046783447266,35.34381738220904,33.680578003964435,34.93685559679983,7097100
2021-01-22,33.0612907409668,33.31785495979035,32.88434978402407,33.255926131090604,5598200
2021-01-25,32.4066047668457,32.73394325442718,31.433431455982998,32.69855439769753,6013600
2021-01-26,31.300731658935547,32.70740680340499,31.274188326111037,32.66316904031997,5316900
2021-01-27,30.416040420532227,31.62808060650356,30.212559467768322,31.08841211771431,9433300
2021-01-28,31.75192642211914,31.920021814767555,30.30986248054944,30.814145283627337,11743400
2021-01-29,29.770206451416016,31.716547027100265,29.557876609138056,30.849539972962944,12483500
2021-02-01,30.69028091430664,30.84068186099227,30.070992824621637,30.637201006543343,7520400
2021-02-02,31.884639739990234,32.07042622678396,31.032671172167497,31.053018251711173,8211900
2021-02-03,31.946571350097656,32.2296755569633,31.539609474586843,31.875793610947067,5291800
2021-02-04,33.05922317504883,33.49538567130071,32.04448179483461,32.04448179483461,8455100
2021-02-05,33.192745208740234,33.66451013258659,33.09483096517461,33.46868164545535,4858800
2021-02-08,33.530982971191406,33.607535757721614,32.99690971405277,33.42416899887467,7481400
2021-02-09,33.04141616821289,33.593295730840126,33.023613273074425,33.477578610217634,7013000
2021-02-10,33.7179069519043,33.75350934066108,32.78327718483762,33.33515325944436,4124700
2021-02-11,33.183834075927734,33.79357046695184,32.80108034076732,33.717910713515565,2945600
2021-02-12,33.06812286376953,33.56659035530084,32.85449151343103,33.2194423821115,2992200
2021-02-16,33.73571014404297,33.851423850751814,33.019159857290795,33.3440533042453,3757300
2021-02-17,33.352970123291016,34.096223355479445,33.210550321940204,33.55769837551056,4642900
2021-02-18,32.623046875,33.30843938617386,32.44502139088638,32.98799758943377,4937000
2021-02-19,33.89593505859375,34.105111417350635,32.91679628881342,32.98800786285769,5612600
2021-02-22,34.554622650146484,35.05309344586405,33.77131236989159,33.780215513782785,6068800
2021-02-23,34.25198745727539,34.91958077584495,33.8336278910608,34.71485256561691,6820700
2021-02-24,35.80080032348633,35.8898113949932,34.358796517080954,34.41220519731791,8010100
2021-02-25,34.73264694213867,36.13904142260063,34.46115878753494,36.05003036017995,7490900
2021-02-26,34.43001174926758,35.1243076883504,33.8069239958459,34.51012308035829,7518200
2021-03-01,35.60496520996094,35.99661860487104,35.07089209003316,35.12429736469348,8211000
2021-03-02,35.21332550048828,35.86311596064055,35.10650811854555,35.45365951652631,6106500
2021-03-03,35.711788177490234,36.40163591094627,35.34683732770474,35.46255444462842,5423500
2021-03-04,34.63473892211914,35.76519727365116,33.61109454368043,35.400246419656966,8090800
2021-03-05,35.69398498535156,35.80080235187751,33.753513635677486,35.382442821871514,7214800
2021-03-08,36.17465591430664,36.6820265624661,35.64058262010359,36.058938788859074,8167700
2021-03-09,35.756290435791016,36.259212823461695,35.266722764488414,36.014427290033076,6960000
2021-03-10,37.038082122802734,37.26061325461909,36.02334070500906,36.032240456237254,6144300
2021-03-11,37.972713470458984,38.10623351224766,36.717637980757154,36.87786067268128,5369600
2021-03-12,38.00830841064453,38.48897634911463,37.89259130051919,38.29314791591094,4044500
2021-03-15,38.115116119384766,38.28423848676329,37.04696645220212,38.124019262462376,6448600
2021-03-16,37.56324768066406,37.99495852716974,36.771037564441414,37.981603809855706,6820200
2021-03-17,38.39996337890625,38.417766273123966,37.278408207628985,37.80358170260962,7243800
2021-03-18,36.72652816772461,38.818322369506284,36.48619758798257,38.658099719308375,8054600
2021-03-19,36.46839141845703,36.95795907428715,35.622772706266176,36.147946146843275,9836000
2021-03-22,36.08564376831055,36.4594943841377,35.82305530624187,36.37048330290888,6843500
2021-03-23,34.53683090209961,35.95658060651325,34.22528867647072,35.658389705474804,9354300
2021-03-24,35.1510124206543,35.63612856630077,34.910678436328126,35.15991217019751,9934000
2021-03-25,36.2547607421875,36.37047784686999,34.03835323386162,34.80385724603727,8072400
2021-03-26,36.77994155883789,37.27841246722689,35.95212555867584,37.082584004010634,6159000
2021-03-29,35.87201690673828,36.4594989447786,35.44030597811101,36.2013620231481,7423200
2021-03-30,36.548500061035156,36.771031106082866,36.112337718697766,36.112337718697766,6312600
2021-03-31,36.19245529174805,37.038074088325615,36.17465239759795,36.44168901873959,5550300
2021-04-01,37.08258056640625,37.23390347274242,36.35267886551519,36.44168994296826,5775900
2021-04-05,37.58104705810547,37.839180510921786,37.242798891121375,37.5276383805118,7898400
2021-04-06,37.554344177246094,37.83473551373109,37.287307557947635,37.42972731461047,5310900
2021-04-07,37.821380615234375,38.30204512629199,37.57214351797928,37.68786062043505,5536000
2021-04-08,37.607757568359375,37.687868903735485,36.8778557996238,37.56325202549604,4697000
2021-04-09,38.097320556640625,38.35545742667584,37.5979600752275,38.168532132742,6593800
2021-04-12,38.40886306762695,38.48897438662055,37.87033490377554,38.10622068426832,4671000
2021-04-13,36.9045524597168,38.27534468909664,36.726526921586796,38.124025188796715,7508700
2021-04-14,36.940147399902344,37.38520941676864,35.800789723301826,35.880901022159904,6786700
2021-04-15,36.74433898925781,37.11819305222992,36.219165388204416,37.11819305222992,5439800
2021-04-16,36.84223937988281,37.50983251692989,36.76212806761499,37.15378488117069,4526800
2021-04-19,36.2547607421875,36.90455104523525,36.02332992837711,36.779934191986996,10066900
2021-04-20,35.22222137451172,36.050037317900504,34.777159185401835,36.050037317900504,4631700
2021-04-21,35.765193939208984,35.78299683232391,34.40330487368658,34.87506965679075,6107900
2021-04-22,35.49816131591797,36.13014881240064,35.391343945245225,35.952123256834454,3443200
2021-04-23,36.210262298583984,36.406090760921906,35.21332388183276,35.42695184478754,3181600
2021-04-26,36.91346740722656,37.207206752842445,36.317082173130636,36.317082173130636,4549900
2021-04-27,36.2547607421875,36.397180488121876,35.248919376526516,35.346833588522884,9905400
2021-04-28,38.30205154418945,38.34656048028349,36.51290300830476,36.56631169428456,8877200
2021-04-29,39.557132720947266,39.68175300687888,38.46227996121508,38.60469974958133,9386500
2021-04-30,39.12773895263672,39.557123864966385,38.95777174544826,39.26191981823777,6888200
2021-05-03,39.07408142089844,39.847867975882245,38.70731477006491,39.619759382188434,5947600
2021-05-04,39.88810729980469,40.111745487533476,38.56416963794401,38.91304466480925,8712300
2021-05-05,40.067020416259766,40.46509613613702,39.626005862024364,40.129638838772046,6522800
2021-05-06,40.16542053222656,40.529501432983125,39.49450595816341,40.29065737339334,6489300
2021-05-07,41.05997848510742,41.13154094090898,39.43189251935312,39.77182015619524,5551400
2021-05-10,41.16732406616211,42.23631448785808,41.131541131870996,41.64143600194989,7222000
2021-05-11,40.44273376464844,40.961576058640205,39.77181912324771,40.43378973757369,5771200
2021-05-12,39.47661590576172,40.89895499016219,39.28875722484233,40.61269836798268,6093400
2021-05-13,40.496402740478516,40.7781856236443,39.39610328544584,39.476613168128615,5845600
2021-05-14,41.86507797241211,42.02252153241572,40.73794274087297,40.87212363781046,4700800
2021-05-17,41.963478088378906,42.187116322363536,41.475948376267745,41.605655549024036,4448500
2021-05-18,41.01525115966797,42.16564903139504,41.00630713169617,41.73089624556405,5048300
2021-05-19,41.03313064575195,41.059969546727324,39.84337735090612,40.29959771811523,4616700
2021-05-20,40.93473815917969,41.35517910344703,40.57691905576887,41.212050779593014,4675800
2021-05-21,41.34623718261719,41.92501235036087,41.11365151172463,41.22994434717091,4640100
2021-05-24,41.50724411010742,41.74877032140326,41.17625717435862,41.57880654726424,3493500
2021-05-25,41.38201904296875,42.64781231916336,41.26125589305191,41.8561344392782,5430600
2021-05-26,41.820350646972656,41.9724230113499,41.42674857524739,41.52514653384217,4337600
2021-05-27,42.670169830322266,43.09060733164957,42.16921902693974,42.45547565388742,9257600
2021-05-28,42.41075134277344,42.84908374964712,41.93216569480796,42.60755406575122,3977500
2021-06-01,43.806251525878906,43.8241429912983,42.996678924779616,42.996678924779616,5985100
2021-06-02,44.280364990234375,44.790259829247276,43.672068794140344,44.63818748644788,7479200
2021-06-03,44.59345245361328,44.736580754647456,43.84202802007188,44.164067550510744,7028300
2021-06-04,44.539791107177734,44.9423406072952,44.42349827104411,44.727646403083014,5425900
2021-06-07,45.130191802978516,45.14808326940808,44.48611266130721,44.48611266130721,4000300
2021-06-08,45.44328308105469,45.58641139735533,44.486111825960144,44.91549677486205,5298700
2021-06-09,44.790252685546875,45.496950126009224,44.584505977396,45.496950126009224,3274700
2021-06-10,43.82413864135742,45.48800381083062,43.77940827602476,45.42538539430222,4166800
2021-06-11,44.16407775878906,44.226696191687424,43.72127500830819,43.94043952345245,3816600
2021-06-14,43.51104736328125,44.15512646707954,43.215846715672434,44.074616579104756,3238400
2021-06-15,44.772377014160156,44.96917976634885,43.3410935776484,43.681024673488274,4763100
2021-06-16,44.2893180847168,44.78132497085463,43.81520608074644,44.52190377860903,4723100
2021-06-17,42.500213623046875,44.678451513877874,42.035049043077336,44.53084944261592,5801300
2021-06-18,41.27466583251953,41.79350809683917,40.76924472671697,41.569869895828596,11434900
2021-06-21,42.93854522705078,42.956436697055935,41.641442657493826,41.739844036297654,6317200
2021-06-22,42.84907531738281,43.224785810097046,42.374960070096364,42.75067397525831,6250400
2021-06-23,43.224796295166016,43.36345090409443,42.884865234218886,42.956431104922935,3172800
2021-06-24,43.833091735839844,43.99411152949799,43.20690402855244,43.573670578007444,3764500
2021-06-25,44.548728942871094,44.826041540506274,44.07461704888178,44.28036378424409,9361800
2021-06-28,43.37687301635742,44.42349830501458,43.27847164820361,44.39666280913577,6401000
2021-06-29,42.93854522705078,44.11041091902068,42.66123256064445,43.83309825261434,5721700
2021-06-30,43.40370178222656,43.52893862684045,42.7596226814145,42.813297077298195,3914800
2021-07-01,43.716796875,44.181964767036305,43.484214635206,43.591560021845666,5825200
2021-07-02,43.87781524658203,44.23563774044263,43.7615224242101,43.904654151712904,3566400
2021-07-06,42.82224655151367,43.94491140132314,42.50915440014778,43.83309228834267,4557300
2021-07-07,42.90275573730469,43.25610453795229,42.22289704314435,42.49126222735374,4503600
2021-07-08,41.784568786621094,42.55388489375235,40.89896324930399,41.6951148537937,6026800
2021-07-09,43.591556549072266,43.707849365928816,42.866967568971056,42.965368920738285,4617600
2021-07-12,44.280364990234375,44.580039368655456,42.849081830276795,43.16217395512744,4425300
2021-07-13,43.51104736328125,44.62476463655904,43.394754544551425,44.280363312274076,6309500
2021-07-14,42.49126052856445,44.423494555049665,42.37049739485527,43.806254314800334,6213700
2021-07-15,42.68806457519531,42.808827712658356,41.77562022704106,41.900857084394865,5036900
2021-07-16,41.80244827270508,43.13085961033091,41.650375948001376,43.1084944273108,4957300
2021-07-19,40.07596206665039,40.79160357610974,39.673412651189544,40.72004113138775,7430500
2021-07-20,41.149436950683594,41.234420575500145,38.537343895267796,38.89516303867403,6370100
2021-07-21,42.169219970703125,42.697006278284,41.43568692117693,41.534088278726486,5606300
2021-07-22,41.06891632080078,42.34812701710171,40.68425836806985,42.052922973748615,5458200
2021-07-23,41.60565948486328,42.22290325301843,41.25678435283592,41.25678435283592,5029900
2021-07-26,42.169219970703125,42.48231550949246,41.47146985345827,41.58776267714849,4081800
2021-07-27,42.24972152709961,42.607543954425395,41.346224846150974,41.730882761169546,3923400
2021-07-28,42.231842041015625,42.52704613914346,41.44463793757182,42.3839178101129,4442800
2021-07-29,43.224796295166016,43.287414725807785,42.491263182692265,42.9027567018949,4016800
2021-07-30,42.25425338745117,43.84035995301561,42.06104473501932,42.95519481113146,9100400
2021-08-02,42.10148620605469,43.611208980402175,41.975676546201754,42.640674870068004,4446800
2021-08-03,42.3441276550293,42.42500579672159,40.56481196585551,42.281222814608256,5024000
2021-08-04,42.38905334472656,42.97496985870079,41.670138533366114,41.894799626169764,3244900
2021-08-05,43.39554214477539,43.489899402466676,42.67662725661091,42.67662725661091,4000400
2021-08-06,44.393028259277344,44.837856212571246,43.9481968779276,44.024584246114095,4995300
2021-08-09,44.00661087036133,44.388533998384794,43.47641061548749,44.10546228826158,4202200
2021-08-10,45.049041748046875,45.11194657763589,43.88978972609604,44.03357268345037,4313500
2021-08-11,46.01958084106445,46.07350074143754,44.6087093478385,45.17485630355826,3477500
2021-08-12,46.388023376464844,46.54079470839887,45.61518863717312,45.983632707294014,2837200
2021-08-13,46.55876922607422,46.71153713394886,46.24424161824265,46.53180756205317,2542700
2021-08-16,46.24424362182617,46.32512176128054,45.58823356983252,46.00160920346305,3663600
2021-08-17,45.55228042602539,46.02856425798866,44.950190362826234,45.76795657628032,3838600
2021-08-18,44.88728332519531,45.875790680770585,44.85133673057833,45.30964381374899,4637800
2021-08-19,44.04256057739258,44.73451717741508,43.47641707305663,44.18634354440658,4825200
2021-08-20,44.21330642700195,44.464925769202544,43.656147842962184,44.04256179217462,3765700
2021-08-23,44.67161178588867,45.04005584851567,44.5008705859588,44.599722017307364,3486100
2021-08-24,45.12092971801758,45.44444221621118,44.84235217750551,44.92323030205391,2758800
2021-08-25,46.20829772949219,46.468905452629095,45.14790039200808,45.228778532703785,3533700
2021-08-26,45.624176025390625,46.45991558112109,45.49836635946239,46.45991558112109,3235900
2021-08-27,46.684574127197266,46.82386290285542,45.66910506360734,45.66910506360734,3358400
2021-08-30,44.34809875488281,46.855317396295824,44.33911381943302,46.855317396295824,7194900
2021-08-31,44.70756149291992,45.01759492587906,44.042563090006986,44.21330772986578,6789800
2021-09-01,43.66513442993164,44.44246339584558,43.612112679073704,44.29418623727513,6032900
2021-09-02,43.413516998291016,44.01111298504381,43.16638838974371,43.73702613849379,4135000
2021-09-03,42.57777404785156,43.34162044203203,42.2991930404866,43.27871560618453,5088300
2021-09-07,41.94872283935547,43.081013328269385,41.90828205686399,42.478923197416364,5115100
2021-09-08,41.050071716308594,41.777974830182636,40.64568109748968,41.777974830182636,5659800
2021-09-09,41.858856201171875,43.10797132104763,40.89730357602903,41.05007490079237,10186500
2021-09-10,42.52384948730469,43.14391284186614,41.975675896665564,42.39803982939854,7052500
2021-09-13,43.7549934387207,43.772966737609664,42.74851269733268,42.946215557054984,5573800
2021-09-14,42.84737014770508,44.330134947854155,42.59125660164916,43.817904427685576,4769100
2021-09-15,43.35060501098633,43.723539811418135,42.79344304503221,42.98216096411017,5012200
2021-09-16,43.7549934387207,44.56377474844266,43.4135110439992,43.64715707344319,5229600
2021-09-17,43.530330657958984,44.44694829744092,43.2697264043077,43.737018445088815,9820500
2021-09-20,42.48789978027344,42.68560261568182,41.61621717372589,42.07452424083392,5058700
2021-09-21,42.71255874633789,43.13492262737542,42.38904627814367,42.865330046565454,4423400
2021-09-22,43.4494514465332,43.916746903716536,43.28050656140416,43.41350827910066,4153400
2021-09-23,44.7884407043457,45.273709542855784,43.94371613320551,44.078510747420566,4130500
2021-09-24,45.13890075683594,45.5432913593432,44.5098490893864,44.527822385948475,3901100
2021-09-27,46.47789001464844,46.69356275348754,45.45343593502175,45.480394170362544,3896500
2021-09-28,45.534305572509766,46.909233698802055,45.42646921509374,46.325113525691265,4357800
2021-09-29,45.41749572753906,45.92972283943894,45.21979283239986,45.8668179960868,2499600
2021-09-30,43.92572784423828,45.696054522207916,43.8358613707021,45.660111360848894,6099500
2021-10-01,44.85133743286133,45.1119451058311,43.79093687144834,44.03357124682819,4798600
2021-10-04,44.59073257446289,45.669106501532866,44.52333356126048,44.878298497940726,4884400
2021-10-05,45.07600021362305,45.35907194823266,44.52782661461663,45.08498514872945,3889300
2021-10-06,44.79741287231445,45.34558639349257,43.79992067043032,44.73450805133227,4070700
2021-10-07,44.59073257446289,45.62417496875,44.52782774295563,45.38154057805504,5279500
2021-10-08,44.88728332519531,45.336605473739695,44.28069911027158,44.68059554823161,3232500
2021-10-11,44.087501525878906,45.633167774128836,44.05155492223066,45.05803582798404,3353300
2021-10-12,44.653629302978516,44.96366265061624,43.88978310011106,44.06052426492521,3489800
2021-10-13,43.494384765625,44.662621650524635,42.636177827975224,44.41998728220568,4405400
2021-10-14,44.545799255371094,44.5817458513784,43.566276796536506,44.28519157640224,3467300
2021-10-15,45.09397506713867,45.664612737619905,45.05802846936101,45.20181143241539,4223500
2021-10-18,45.83985137939453,46.07799503557933,44.93222200327327,44.93222200327327,5376900
2021-10-19,47.05301284790039,47.16983755869036,45.83984106982545,45.91622843537411,4948500
2021-10-20,46.67558288574219,46.819365834087314,44.93221420855055,46.11842438941181,4803800
2021-10-21,44.11444091796875,46.792400040660425,43.889779883232315,46.621658888360656,8938700
2021-10-22,44.204307556152344,44.84683830488324,43.78194710757132,44.27620073858225,9095900
2021-10-25,43.934722900390625,45.08049584856794,43.65165115665497,44.43796498397691,7832400
2021-10-26,43.988643646240234,44.35708770960538,43.17986232272832,44.31215617564501,5653000
2021-10-27,41.94872283935547,43.86283646124399,41.91277623893115,43.68310688717891,8343900
2021-10-28,42.11946105957031,42.3890536875035,41.21183174564879,42.11946105957031,5718000
2021-10-29,41.93888473510742,43.04039883084953,41.848594435966106,42.805650941527595,4615600
2021-11-01,42.769535064697266,42.846282680458806,42.27746584741863,42.28198122345702,4803000
2021-11-02,42.778564453125,43.0629711384677,42.300034490770074,42.88690936503327,4723700
2021-11-03,43.5189323425293,43.97488891863603,42.52575963659604,42.6341080043711,5354600
2021-11-04,43.32931900024414,43.85298889379065,42.97268011211999,43.41057853733853,4622200
2021-11-05,44.412784576416016,44.5978771239783,43.73562276787257,43.86202919861472,4948400
2021-11-08,44.475990295410156,45.39693085583604,44.40376148663228,44.83714467196974,3811300
2021-11-09,44.52113342285156,44.55724610208478,43.789797421865046,44.06969221231687,3537500
2021-11-10,44.68364334106445,45.541378709233236,44.3405471272635,44.3405471272635,3558200
2021-11-11,44.88228225708008,45.360812260273335,44.71073584490012,44.88228225708008,2572100
2021-11-12,45.30663299560547,45.315660302929544,44.503068319083226,44.78295962102274,2755300
2021-11-15,45.26148986816406,46.12374065851904,45.144114206843945,45.44206701383595,3361800
2021-11-16,44.801025390625,45.52784602520721,43.902658333579986,45.28858273138011,5033900
2021-11-17,43.87104415893555,44.96353074260443,43.834928046031926,44.58432188978268,4075200
2021-11-18,43.654354095458984,44.23220161120792,43.15776956175472,43.952306882214955,3826400
2021-11-19,43.23000717163086,43.84396743507446,42.89142629594752,43.23903447952439,4632500
2021-11-22,43.654354095458984,44.25928697574125,43.103598832688064,43.7897878065703,4372500
2021-11-23,44.88228225708008,45.13509166540463,43.834938834658196,43.84396958721779,3918300
2021-11-24,44.93645477294922,45.41498131416964,44.52112972040988,44.52112972040988,3709500
2021-11-26,43.0494270324707,43.45572474397922,41.89373882571096,43.157771940798796,4375300
2021-11-29,42.54381561279297,43.852995716682194,42.26843621891816,43.509899457322575,4586500
2021-11-30,40.440101623535156,42.11043260740674,40.08797805514666,41.76733634713619,13313900
2021-12-01,39.510128021240234,42.038201222293736,39.47401534676837,41.62287274575214,5843800
2021-12-02,41.20754623413086,41.603008420238,39.72681986303866,39.83516477101009,6201000
2021-12-03,40.88250732421875,41.55966901414317,40.403980832156684,41.41972336704331,5608000
2021-12-06,41.839576721191406,42.616056250725165,41.53259652217163,41.76734446531686,5914500
2021-12-07,42.96816635131836,43.369948676432585,42.20974512467824,42.30906272310602,5714800
2021-12-08,42.715362548828125,43.13068757725798,42.64313031211548,43.01331191471124,4236700
2021-12-09,43.23902893066406,43.48732291865741,42.0381973700056,42.39032088445265,3879100
2021-12-10,43.22096633911133,43.699496207208,42.733412609448536,43.699496207208,2987900
2021-12-13,41.839576721191406,42.87789301193511,41.559681896012826,42.87789301193511,5015700
2021-12-14,42.281986236572266,42.796628950838105,41.61385171680753,41.75831276915894,4292700
2021-12-15,42.18266296386719,42.44901159422775,40.64776233570507,42.417410850893056,5700400
2021-12-16,42.9952507019043,43.559552093996466,42.566383021603194,43.03136681761156,9417900
2021-12-17,42.11945724487305,42.760502799089274,41.4332648239529,42.70632862557799,15153800
2021-12-20,39.925453186035156,41.21657504637516,39.46046939013651,41.09016864142956,7347600
2021-12-21,41.649967193603516,41.68607987296271,40.313701619066215,40.51233341032267,4899100
2021-12-22,41.4874382019043,41.821503654928634,41.28880301372763,41.478407451047744,3776100
2021-12-23,41.67704391479492,42.15557039816929,41.53258289466932,41.785388818833525,3581200
2021-12-27,41.695106506347656,41.893741722201376,41.10823161090137,41.731222626361564,7679000
2021-12-28,41.947914123535156,42.319903974847215,41.47841487738129,41.48744562985472,4010600
2021-12-29,41.79443359375,42.17364260723683,41.67705789919398,41.956952726451085,2474800
2021-12-30,41.767333984375,42.5347860114546,41.72670593380827,41.947911134524475,2071500
2021-12-31,41.88471221923828,42.24586654170272,41.66350700494582,41.74025117909708,2258700
2022-01-03,42.43546676635742,42.85079178469134,41.96596757180591,41.96596757180591,4963100
2022-01-04,43.482818603515625,44.132895068908844,43.04943544132788,43.04943544132788,6169400
2022-01-05,42.35421371459961,44.114835102913815,42.32712834445145,43.60019240476055,5829600
2022-01-06,42.941078186035156,43.15776798281881,42.01110718848678,42.76952836567402,4781200
2022-01-07,43.5279541015625,44.15094508206162,42.51672690748067,42.65216062782115,5465900
2022-01-10,43.609214782714844,44.11483011505888,42.68827441535035,44.11483011505888,4986400
2022-01-11,44.024532318115234,44.06064843089226,43.51892051612531,43.76269911103706,3557700
2022-01-12,44.26831817626953,44.98159602164602,43.979396115093195,44.4127792068577,3669300
2022-01-13,44.65654754638672,45.324681811460586,44.52111729880843,44.53917535399657,4231100
2022-01-14,43.94328308105469,44.02454263172858,43.1216602661177,43.68144981263693,6239100
2022-01-18,42.65216827392578,43.86203088960213,42.01563449612795,43.62727952482525,6071100
2022-01-19,41.20754623413086,43.04942689075788,41.18497624392401,43.04942689075788,5608900
2022-01-20,40.774166107177734,42.08334618165499,40.688391183209134,41.40618443046566,4539400
2022-01-21,40.10602951049805,40.85090808565668,39.74487866245506,40.44912574372808,5801000
2022-01-24,40.566497802734375,40.64775733906654,38.50792747461601,39.112856899582546,8344200
2022-01-25,41.62287139892578,42.047227169298445,39.59138628509968,39.91642445438746,8312300
2022-01-26,40.96377182006836,42.48061446452568,40.35884229045245,41.938886424743586,8629600
2022-01-27,40.10602951049805,41.72218962984149,39.50110003180918,41.577728601779775,7977000
2022-01-28,37.39738464355469,38.390557278085936,35.91665816597939,37.25292360779668,13198000
2022-01-31,38.453758239746094,38.462785547509974,36.75633850965072,37.000117149948146,9680800
2022-02-01,38.71559143066406,38.92325393263827,37.90299603665855,38.399580580007516,12020600
2022-02-02,38.553070068359375,38.81490672916613,37.957167962791495,38.553070068359375,8184200
2022-02-03,38.146785736083984,39.02258286578581,38.14227035918828,38.51696742439302,6220400
2022-02-04,38.37250518798828,38.74268686497406,37.96620738538845,38.128726506428386,6892000
2022-02-07,38.7246208190918,39.07674436068033,38.3995826440185,38.3995826440185,5193900
2022-02-08,39.70875549316406,39.762929660650784,38.7426718937604,38.905190951998584,5737200
2022-02-09,40.52544403076172,40.80674594177129,39.94469482490559,40.05358443561904,4419800
2022-02-10,40.04450988769531,41.342122848810625,39.93561682049059,40.51183138444992,6701600
2022-02-11,39.73598098754883,40.78405151906848,39.52727449642366,40.1261724375117,6535700
2022-02-14,39.953765869140625,40.91563386513408,39.69061627589688,39.96284202222313,5565400
2022-02-15,40.643402099609375,41.097112763472296,40.316729867782044,40.59803172553061,5418800
2022-02-16,40.69784927368164,41.16517421234398,40.34395547397732,40.34395547397732,5043400
2022-02-17,39.61802291870117,40.58896365577637,39.463762923809945,40.23506982134276,4262900
2022-02-18,39.40024185180664,40.30766339748479,39.24144377362066,39.42746685202316,5661200
2022-02-22,38.755977630615234,39.64525042740938,38.44745413282634,39.24598614972799,5016100
2022-02-23,37.74872970581055,39.173381058982905,37.67613779217488,39.07356761042611,5998200
2022-02-24,37.42205810546875,37.53548577454729,35.73425383573402,36.22425873538462,8270500
2022-02-25,39.191532135009766,39.54361210927192,37.703361474567664,37.72151031939479,6501000
2022-02-28,38.819488525390625,38.97375197189873,37.95744091707487,37.96651360849859,8447700
2022-03-01,35.81592559814453,38.55633878173701,35.629902540088814,38.53818993742391,7461600
2022-03-02,36.07908248901367,36.56001830680393,35.24879432825744,36.06093710256617,9080600
2022-03-03,35.28961944580078,36.569083544919664,34.46840414568427,36.305930495073696,9557100
2022-03-04,33.82866668701172,34.4820111641294,33.28421526377213,34.35497272947602,8592500
2022-03-07,31.54197120666504,33.470241979124815,31.28789428316265,33.411260825179895,10639200
2022-03-08,31.814197540283203,32.71254284458248,30.630012261539303,31.89586560990479,10675700
2022-03-09,32.848655700683594,34.10997090544643,32.58550266128385,33.40218331406307,7234900
2022-03-10,32.149940490722656,32.721616942163095,31.510206741949656,32.149940490722656,7169200
2022-03-11,31.796049118041992,32.75791366020632,31.714381047335756,32.53105829285991,5767400
2022-03-14,32.1953125,33.20708893572203,32.04105251566413,32.40401901726871,7635800
2022-03-15,32.79420471191406,33.50199220708019,32.18623411202264,32.540127859605704,6824800
2022-03-16,34.18256759643555,34.83591220998772,33.22070298374868,33.45663106001005,10449000
2022-03-17,33.98293685913086,33.992009551318795,32.866808796940234,33.07551533264693,8272300
2022-03-18,34.10997009277344,34.24608468550636,33.175327171390244,33.828668216509755,18726000
2022-03-21,33.01199722290039,34.14627416949431,32.77606567954727,34.01015955128763,8499800
2022-03-22,34.119041442871094,34.66349633087065,33.2932881511993,33.61996039169148,6068900
2022-03-23,32.97570037841797,33.91034349877061,32.80329152425289,33.7470073373348,5479700
2022-03-24,33.0301399230957,33.37042294375313,32.6943915170731,33.22069758389477,6269700
2022-03-25,33.275146484375,33.44302071681176,32.916718019276196,33.10273763650858,5116800
2022-03-28,32.53105926513672,32.56281887905291,31.45122893044797,32.1953142806601,9472700
2022-03-29,33.356807708740234,33.692556104632104,32.993841241247054,33.28421579985671,8187800
2022-03-30,32.42216491699219,33.57459046453789,32.240679951903346,33.30236474767352,6452600
2022-03-31,31.58734130859375,32.54920581157155,31.58734130859375,32.23160969484077,5716100
2022-04-01,31.904932022094727,32.24067692599864,31.473908299307435,31.968451234683645,5369900
2022-04-04,32.2769775390625,32.612722473456174,31.732526106989635,32.26790484852766,6383400
2022-04-05,32.00475311279297,32.603651096823356,31.932157739437564,32.195310775544016,6847100
2022-04-06,32.45846939086914,33.12995940213803,31.959388228647448,32.28606054182194,9432500
2022-04-07,32.349578857421875,32.603655777566495,31.532898097616442,32.34050270368047,6556800
2022-04-08,33.247928619384766,33.56552827301745,32.54014084183921,32.567362383579,5746800
2022-04-11,33.139034271240234,33.96024963779629,32.857732354349416,32.857732354349416,5709400
2022-04-12,33.456626892089844,34.209788334612526,32.81235851261928,33.09366039986353,5711200
2022-04-13,34.0010871887207,34.037381420594606,32.97569984981918,32.99384869652541,4812400
2022-04-14,34.20979309082031,34.550076171707374,33.81052539386152,34.0192353962928,6644300
2022-04-18,36.32408142089844,36.76871947755035,34.30053189776799,34.42757035351473,10405500
2022-04-19,36.932044982910156,37.240568341489706,36.36036863522566,36.36036863522566,8155700
2022-04-20,36.732421875,37.99827528186401,36.58269649685152,37.222430315374126,6090600
2022-04-21,36.1153678894043,37.41298065556972,36.07907020578932,37.19520147695514,5372400
2022-04-22,34.463871002197266,35.979266832406964,34.418500615756194,35.87944990531345,5837500
2022-04-25,34.74516677856445,34.87674329900073,33.55644347987456,33.96478380854956,5568300
2022-04-26,34.03737258911133,34.77238511308073,33.955704530892504,34.273304073538,4994500
2022-04-27,33.411251068115234,34.0282978120297,33.00291080206338,33.701625599188226,6385200
2022-04-28,34.5455436706543,34.799620637701004,33.58367542727323,33.855904705153634,5575700
2022-04-29,33.5963249206543,35.12965374471779,33.47767352262418,34.52727481252551,6342600
2022-05-02,34.07093048095703,34.13481889829057,33.368154408630495,33.833627660868785,6645800
2022-05-03,34.947120666503906,35.32132578006265,34.05724023237639,34.25346995544121,6028800
2022-05-04,36.6356086730957,36.859218168121544,34.89235984301456,35.0292656049983,8662100
2022-05-05,35.89632797241211,36.69949778051954,35.41259682431893,36.0879932574156,7838600
2022-05-06,34.72807693481445,36.01497796400846,34.417760201734986,35.850692429927655,8408200
2022-05-09,33.797122955322266,34.855849900057166,33.61002213456008,34.180456985853844,7997400
2022-05-10,33.003082275390625,34.40863474037393,32.136020508983606,34.14395210443712,7150600
2022-05-11,32.245548248291016,34.07094007263831,32.20447512178073,32.930070182421254,6395000
2022-05-12,30.14634132385254,31.5518936990961,29.24733539889702,31.20506831834523,10467500
2022-05-13,30.62094497680664,31.35566541232519,30.420154257953087,30.438405111037483,7334400
2022-05-16,30.264989852905273,30.812605890739807,29.80407754070553,30.620940625663508,5756300
2022-05-17,32.30942916870117,32.409822771096316,31.16855954384107,31.268953146236214,5721400
2022-05-18,30.191978454589844,31.980861370365893,30.064198119184574,31.77094175611588,6943300
2022-05-19,29.71738052368164,30.347139457523358,29.370555097874096,29.644363178602728,6853600
2022-05-20,29.626100540161133,30.164591123410734,28.626699410653224,30.11895703635385,7474900
2022-05-23,31.122926712036133,31.565584750942495,30.11896268196722,30.38364531083099,7473700
2022-05-24,30.03681755065918,30.949513317597052,29.6078494260678,30.766973467877868,6742700
2022-05-25,30.97688865661621,31.090975611205238,29.66260819314732,29.680862523680474,6634200
2022-05-26,32.108642578125,32.364196320272974,31.159437990634494,31.159437990634494,6329300
2022-05-27,32.98481750488281,32.98481750488281,32.04474217729189,32.04474217729189,4457500
2022-05-31,33.806251525878906,33.94771825345984,32.546730411905926,32.85704710718455,9367400
2022-06-01,32.738399505615234,33.87926932999771,32.23641747921862,33.651095365121215,5014800
2022-06-02,33.057838439941406,33.1125979521429,32.42351522478439,32.85704427744876,3722900
2022-06-03,32.345943450927734,33.012211081496545,32.236420910991995,32.665389124756906,3143500
2022-06-06,32.66537857055664,32.9665663284807,32.16339665291144,32.61061557745334,3646500
2022-06-07,33.19474792480469,33.27689069263771,32.12689542463389,32.28205205184156,4436600
2022-06-08,31.907848358154297,32.92550583547979,31.688803288246376,32.59237029451912,6645000
2022-06-09,30.89474868774414,32.07212700055696,30.876497837227635,31.916970399561617,4760300
2022-06-10,28.759048461914062,30.338013716322155,28.740794125833208,29.991188294103083,5937000
2022-06-13,27.107065200805664,28.339203103800347,26.869764090520214,27.93761821639023,7112600
2022-06-14,26.933650970458984,27.458449966215664,26.53662881874238,27.28960174504429,6478300
2022-06-15,27.809837341308594,28.101901427489416,27.056864433603575,27.408252486864143,9024700
2022-06-16,26.395160675048828,26.97015822102779,25.35012364268553,26.888015465769517,12938900
2022-06-17,27.280475616455078,27.55428538802027,26.313018601581025,26.486431282822743,12827000
2022-06-21,26.668968200683594,28.34832845775904,26.45448589114012,28.1566631929548,8970000
2022-06-22,26.504684448242188,26.6872225470826,26.084843513334274,26.203493190539096,8528000
2022-06-23,25.756275177001953,26.51381263100704,25.00786489001249,26.404290108477856,11840400
2022-06-24,26.961034774780273,27.371746840392234,26.030084640733293,26.112227402021503,11037300
2022-06-27,26.878890991210938,27.517776982585023,26.577701458218964,27.280475874647554,4631400
2022-06-28,26.43166732788086,27.830830736035498,26.313017649741578,27.097936529341084,4415800
2022-06-29,26.039209365844727,26.42254163563356,25.67412968731904,26.285635885771967,5802400
2022-06-30,25.20865249633789,25.756268447564324,24.839010162514263,25.455078978058324,8719100
2022-07-01,26.09397315979004,26.37690837142618,25.0352461670589,25.0352461670589,5406400
2022-07-05,26.413415908813477,26.440795667614537,25.163021945637496,25.40032305327779,6929300
2022-07-06,26.06659507751465,26.710045633696865,25.84754826485999,26.358657494387526,7455600
2022-07-07,26.915395736694336,27.006665654021162,26.226311255493112,26.54119064240034,6330100
2022-07-08,27.088817596435547,27.344371362662258,26.56858115424034,27.07056325861093,5249100
2022-07-11,27.152700424194336,27.408255878414643,26.705479684930626,26.705479684930626,6151400
2022-07-12,27.800718307495117,28.234249239803127,26.67810268635771,26.696357023489067,6421600
2022-07-13,27.399127960205078,27.572538906443636,26.741985879034758,26.97928699269859,6071300
2022-07-14,27.362621307373047,27.522344126450452,26.413418523672306,26.705480918657152,5818700
2022-07-15,28.649520874023438,28.813806398099132,27.764206566406653,28.09277761455804,7605300
2022-07-18,28.731664657592773,30.296938164212886,28.676903394563585,29.29753510416246,7986900
2022-07-19,30.01856803894043,30.301505025531867,29.178887728859543,29.206269232963997,8767600
2022-07-20,30.392772674560547,30.557058214557514,29.87253629178967,29.881665200488694,5855400
2022-07-21,29.808645248413086,30.23304894264791,29.352297339844814,29.927296679505144,7149100
2022-07-22,29.826894760131836,30.58443035541426,29.562212180358237,29.881657753702896,6663000
2022-07-25,29.954673767089844,30.22848179146779,29.507454806326052,29.96380267417527,5177000
2022-07-26,28.97809410095215,29.861582345267124,28.923332835752614,29.607853002819887,5466100
2022-07-27,29.73563003540039,29.87253231272324,28.950709370617908,29.370550332556622,5815700
2022-07-28,29.808645248413086,29.863408250838244,28.850315336751365,29.735631393504445,5877600
2022-07-29,30.773771286010742,30.920838155108076,29.882176419785864,29.937327810578893,5674300
2022-08-01,31.012758255004883,31.187399072603576,30.19469504073514,30.39691330789742,4869200
2022-08-02,30.167116165161133,30.828918744867867,30.08439084269779,30.654274449472872,5085000
2022-08-03,31.251739501953125,31.30229406694964,30.580746692232104,30.746197358338737,3922600
2022-08-04,31.031137466430664,31.444764131982545,30.81053891570349,31.169014190398205,3772400
2022-08-05,31.15982437133789,31.30689124214603,30.663472367478875,30.755387846852418,3049200
2022-08-08,31.64698028564453,32.4512529404367,31.499913426165126,31.564254958040458,5745900
2022-08-09,31.15982437133789,31.66536652059395,30.994373703384884,31.619408780907175,3935000
2022-08-10,32.77756118774414,33.0992688840484,31.959501468841093,32.11575849094576,4056400
2022-08-11,33.19118881225586,33.76107253598211,33.04412193173454,33.39340708785431,3080200
2022-08-12,33.21876525878906,33.43936734936318,32.87867372940727,33.43936734936318,2793200
2022-08-15,32.86028289794922,32.99356278780786,32.31337636824489,32.64887450566154,3205900
2022-08-16,33.117652893066406,33.33825496218954,32.56615297978499,32.85109658857925,3008000
2022-08-17,32.354736328125,32.68563759441566,32.03762203020478,32.419077851420404,2819100
2022-08-18,32.51100158691406,32.676452262173754,32.1755069166687,32.40989245132748,1805100
2022-08-19,31.536680221557617,32.235246909863584,31.4263774499695,32.13413778908302,4701900
2022-08-22,30.681852340698242,31.113859247533167,30.406102430593954,31.113859247533167,4241400
2022-08-23,31.251739501953125,31.486128529995984,30.700239619164837,30.911648024445373,4405700
2022-08-24,31.55506134033203,31.78485350212408,30.985174254515663,31.251734003718468,3384100
2022-08-25,32.29039764404297,32.299587788314646,31.711320377117506,31.830813290751408,3850400
2022-08-26,30.930038452148438,32.506413437575674,30.920844798532283,32.37313351095337,4670200
2022-08-29,30.084388732910156,30.67265609301698,30.075198589436635,30.58993077635508,3593200
2022-08-30,30.295799255371094,30.46124990048595,29.808640970505298,30.387718228407287,4211900
2022-08-31,30.1027774810791,30.700238589350693,29.97409441316845,30.56236187010321,4714700
2022-09-01,29.45935821533203,29.83621726870693,28.774578467223495,29.771875735668573,5516600
2022-09-02,29.385828018188477,30.162525078902835,29.18820657172217,29.992481082738287,3145700
2022-09-06,28.494232177734375,29.49612628810874,28.28282377911326,29.330675627213843,4550900
2022-09-07,29.36743927001953,29.44097093922136,28.439078716776645,28.439078716776645,2993400
2022-09-08,29.964895248413086,29.99706600947146,28.7424028218449,29.06411218560363,3262400
2022-09-09,30.7186222076416,30.79215740090119,30.047629347727366,30.139548339301854,3111600
2022-09-12,31.527490615844727,31.844604988734282,30.88407172442935,31.049522396689042,4420800
2022-09-13,29.045732498168945,30.511806005485248,28.907857537977094,30.452061299746426,4887300
2022-09-14,29.174413681030273,29.247947105273557,28.333375250821184,29.247947105273557,4943800
2022-09-15,29.964895248413086,30.50261154946016,29.22037091924787,29.28471244136462,4627700
2022-09-16,29.882179260253906,29.964904601131582,28.972204016950528,29.523703951900995,10016700
2022-09-19,30.06601333618164,30.102780933043956,29.275529288572507,29.37663667359285,3958100
2022-09-20,29.082500457763672,29.615620048235925,28.668875547012416,29.606426396620485,4765400
2022-09-21,28.154142379760742,29.41340453271483,28.144952233638733,29.31229539361745,3908300
2022-09-22,27.326887130737305,28.30120728991519,27.19360723823062,28.181714367952196,4116800
2022-09-23,26.904067993164062,27.207393590918596,26.398524161456407,26.82134267076054,4772400
2022-09-26,25.929752349853516,27.09709720709381,25.879199535901755,26.582363143315387,4289600
2022-09-27,25.83783531188965,26.361761242978815,25.525317782261837,26.279035911419964,4399100
2022-09-28,26.646705627441406,26.793772508023917,25.755112444763,26.021670508377984,5598200
2022-09-29,26.508827209472656,26.91326195523192,26.08600866772995,26.141160055680267,6387200
2022-09-30,25.91136932373047,26.58236213631262,25.84243096150029,26.481253005888462,5695000
2022-10-03,27.446380615234375,27.584255583023044,26.04924363444511,26.47206043608707,6801000
2022-10-04,29.1192684173584,29.15603425840524,28.071416526480284,28.12656616463824,9055000
2022-10-05,29.183610916137695,29.38123235865849,28.457466684889113,28.457466684889113,7347300
2022-10-06,28.94462776184082,29.280124191976146,28.659685900510564,28.85271052339301,6971200
2022-10-07,28.347164154052734,28.595340135246882,28.17252160211886,28.503422910377726,7534000
2022-10-10,28.5034236907959,28.80674931394644,28.3012071930873,28.59534091818173,5843600
2022-10-11,28.42070198059082,29.156036386965216,28.066821749655794,28.32878474150014,6906300
2022-10-12,28.760787963867188,29.206583567947717,28.23686035953712,28.448270481919458,5320200
2022-10-13,29.762685775756836,29.99707128770277,27.58425501789493,28.04383940322505,7358500
2022-10-14,28.88028335571289,30.35095376544845,28.848112588424094,29.96490105163223,5947200
2022-10-17,29.56966209411621,30.01086625564673,29.266338177708988,29.72592263181475,7097500
2022-10-18,29.95570945739746,30.78296272816193,29.67536271043564,30.369336092779694,5750300
2022-10-19,29.036540985107422,29.84081364225357,28.74700233764574,29.073306823497255,5584400
2022-10-20,29.00896644592285,29.9189433352707,28.935433013041468,29.073307980547142,5180000
2022-10-21,29.79026222229004,29.8178361656967,28.5218099834956,28.96301060975667,6706600
2022-10-24,30.396913528442383,30.553174055933585,29.75349463345387,30.075205834123572,9188100
2022-10-25,32.12495040893555,32.4834256815672,30.10737516416963,30.387721929966325,7851100
2022-10-26,32.21686553955078,32.786749210249305,32.10196944026112,32.25363313284764,6342600
2022-10-27,32.23524856567383,33.04411806711667,32.134139439699645,32.60291747715256,6353200
2022-10-28,33.20956802368164,33.39340247552968,32.14333241058365,32.253631679152264,6210200
2022-10-31,32.89505386352539,33.26045208716023,32.6637894330336,32.92280446596355,4600300
2022-11-01,33.20956802368164,33.63509365703332,32.78403886151539,33.42233084035748,4399800
2022-11-02,32.32151412963867,33.69985162811058,32.21513447237492,33.1633164788699,5382500
2022-11-03,31.470458984375,32.043993690244854,31.081932969627005,31.738726526842118,4481700
2022-11-04,32.3955192565918,32.78404177492274,31.747978197225343,32.09024853891901,4016900
2022-11-07,33.487083435058594,33.487083435058594,32.335387793348374,32.77478871045286,4572900
2022-11-08,33.38533020019531,33.69984993735994,32.87654920652704,33.514837704531075,3723100
2022-11-09,32.38626480102539,33.117061146924804,32.26138357856103,32.95055049776254,4140100
2022-11-10,35.82748031616211,35.8459818915639,33.82010702406558,34.0883710453549,6302400
2022-11-11,37.215065002441406,37.82097657155444,36.02173990995272,36.02173990995272,6881200
2022-11-14,34.92092514038086,36.937551033441814,34.91629886421466,36.74328978023868,5215000
2022-11-15,33.22807312011719,35.910742041678134,33.08931657309423,35.61472384011745,7683000
2022-11-16,32.552772521972656,33.49633160607808,32.377012865362424,33.08005502061769,5093200
2022-11-17,32.79328918457031,32.8117907580866,31.673970452942537,31.877480703993015,4572600
2022-11-18,33.2003173828125,33.58884341779388,32.765539172641965,33.33907743719473,4418800
2022-11-21,33.579593658447266,33.69985214699337,32.97830827334686,32.97830827334686,3975000
2022-11-22,33.78310012817383,34.23545177507224,33.64434009245021,33.86635544384514,2882200
2022-11-23,34.07911682128906,34.25487646756162,33.50095591127046,33.644338687734546,2373100
2022-11-25,34.27338790893555,34.51390489289449,33.829360625644235,33.9866222734351,1475300
2022-11-28,33.69059371948242,34.014365973911666,33.53333563241651,33.764600016088345,2809400
2022-11-29,34.486148834228516,34.629535172780166,33.570343716378446,33.783106557180126,3263200
2022-11-30,34.763668060302734,34.86542143724544,33.22806897896449,34.227132931331795,6640500
2022-12-01,33.24656677246094,34.27338120817715,33.17256400412152,33.348323666640304,5727800
2022-12-02,32.65453338623047,33.50558823437659,32.340013653256975,32.83954561659395,4764100
2022-12-05,31.812728881835938,32.40476515484485,31.747975135026497,32.238254511959276,5798700
2022-12-06,32.04399871826172,32.423272240676596,31.42421174236076,31.803485264775638,7275400
2022-12-07,32.03474807739258,32.5620306666125,31.68322517497431,31.895988015465246,4767400
2022-12-08,32.30300521850586,32.61752490004201,31.895981201323757,32.35850993718196,4651800
2022-12-09,32.47877502441406,32.88117284828566,31.886738686310856,32.10875054869209,3788700
2022-12-12,32.904300689697266,32.96905444360349,32.13650466674563,32.50652561352193,4826800
2022-12-13,32.73778533935547,34.48614350202675,32.580527253483815,33.91260882294421,5839500
2022-12-14,31.775732040405273,32.95980835028995,31.229947831228227,32.59903639535881,6895900
2022-12-15,31.072681427001953,31.229939507466845,30.11987333548943,31.137435169406825,5523400
2022-12-16,30.721160888671875,30.73966246343079,30.138377163431606,30.600905945960776,16057400
2022-12-19,29.953365325927734,30.94317665083411,29.732274504236866,30.721161279715712,4241700
2022-12-20,30.203134536743164,30.272511039399944,29.611094659823753,29.999620718776647,3887100
2022-12-21,30.785921096801758,30.957982602236203,30.462152292609492,30.61941041784136,4053300
2022-12-22,29.916366577148438,30.406646035777868,29.305828627770516,30.37889543361096,5249500
2022-12-23,30.295637130737305,30.318764982821033,29.65734864171494,29.870111471389063,2957500
2022-12-27,30.119876861572266,30.397393437055015,29.953366210519675,30.388140884877252,2132100
2022-12-28,29.694351196289062,30.24013538848874,29.560219168761144,30.14763102865088,2933000
2022-12-29,30.378889083862305,30.434393805409744,29.759098710766292,29.879357176378544,3619500
2022-12-30,30.39739418029785,30.439020079671433,29.888613191336887,30.027369718063625,3343400
2023-01-03,29.962610244750977,30.989424578993564,29.694342737301017,30.75816021646376,4697700
2023-01-04,30.619407653808594,31.026435289553728,30.27713730187154,30.406644811857724,5922500
2023-01-05,29.583343505859375,30.16613081898915,29.55559290531531,30.16613081898915,5777200
2023-01-06,30.341890335083008,30.36964446428767,29.361329716211706,29.37058050447744,9003600
2023-01-09,29.87010955810547,30.80441614411712,29.81460483394866,30.674908649899123,9784800
2023-01-10,30.378889083862305,30.425141254077975,28.56577542801152,29.657345347817575,9165400
2023-01-11,31.229942321777344,31.271571747825828,30.337261616677786,30.526900114248832,5957900
2023-01-12,31.06343650817871,31.673974394943613,30.739664224569967,31.562964940030167,5974700
2023-01-13,30.96168327331543,31.123567669889308,29.916367053014525,30.22163426815167,4474300
2023-01-17,31.146690368652344,31.359456740251634,30.809046291839337,30.95242910291212,5123100
2023-01-18,30.721160888671875,31.65547100551695,30.693410290940783,31.2576959702367,5522200
2023-01-19,30.138378143310547,30.277134665291904,28.519525587417967,29.638846195022435,7470200
2023-01-20,32.756290435791016,32.76553945938388,30.39739419235301,30.39739419235301,12094100
2023-01-23,31.96998405456543,33.37607168380933,31.461199676789082,32.58977080012741,9548100
2023-01-24,32.71928787231445,33.41770738143404,31.59071994650096,31.636972122926824,6794200
2023-01-25,34.11612319946289,34.17625066942971,32.34926343216199,32.41401717791534,6534700
2023-01-26,33.810855865478516,34.439895339806796,33.22806856715367,34.264135659467804,3970900
2023-01-27,34.28263473510742,34.550898747886514,33.921859319439434,34.088369963958634,3206400
2023-01-30,33.440834045410156,34.38438970316693,33.42233246973447,33.958864049070385,4336300
2023-01-31,33.97736358642578,33.98661613811593,33.1540629267291,33.45933008502792,4613600
2023-02-01,32.66379165649414,32.95055731138271,29.953372064323904,30.526906902916444,14055100
2023-02-02,34.95792770385742,35.03193047719754,32.756289618157076,32.756289618157076,7701500
2023-02-03,34.483253479003906,35.36278558926665,34.12027242402856,34.30641755618653,5661000
2023-02-06,33.89690399169922,34.25057945491296,33.53392286780101,34.15750864637323,4591400
2023-02-07,34.39019012451172,34.6321763633469,33.79452841314156,33.84106381863788,3356700
2023-02-08,33.906211853027344,34.39484245446832,33.87829132166167,34.045821610702944,3805900
2023-02-09,33.7293701171875,34.45533221154058,33.692140381471184,34.10165682308161,4162900
2023-02-10,33.89690399169922,33.90621320280745,33.37570178319872,33.59907314386357,3689400
2023-02-13,34.46464920043945,34.52514842847321,33.580465764253105,33.757301741405534,3052000
2023-02-14,33.803829193115234,34.343649760114324,33.22212783234381,34.2598846221463,4955900
2023-02-15,33.98066329956055,33.98997250906888,33.357081178582334,33.4315371025332,3121200
2023-02-16,33.18025207519531,33.77591379097648,33.161637202774166,33.478082933085894,2943700
2023-02-17,33.29193115234375,33.30123681149563,32.60784981592756,32.975485484832284,4006000
2023-02-21,32.57527542114258,33.264011377947256,32.3519005417828,33.13370729390714,4412900
2023-02-22,32.99410629272461,33.12440684684494,32.59389541911285,32.69627544032848,3777800
2023-02-23,33.431541442871094,33.63630147356,32.882418724975594,33.38500604055733,3145100
2023-02-24,33.319862365722656,33.33847724041928,32.78004520121793,32.86381036214056,3165900
2023-02-27,33.0406379699707,33.72006474724605,33.03133231019363,33.63629960755876,3697500
2023-02-28,33.236087799072266,33.57580295290452,32.95687185848899,32.99410159734631,6801400
2023-03-01,33.487388610839844,33.664224573293396,32.94757151205202,33.14302234693603,3800100
2023-03-02,33.26402282714844,33.33847877894665,32.72420208730737,32.92896216799529,4329300
2023-03-03,33.85967254638672,34.00858794720549,33.39431147502514,33.654912538852194,3986000
2023-03-06,33.14302444458008,34.11097656968306,33.05925928855339,33.83175701597804,5551100
2023-03-07,32.24951934814453,33.1150911090331,32.175059882491745,33.077861376206705,4784700
2023-03-08,32.09130096435547,32.65904207326277,31.849314755036392,32.34259638389264,5075600
2023-03-09,30.92789649963379,32.36120945722902,30.86740083826856,32.10991405164363,5365000
2023-03-10,29.90410614013672,30.84413402698486,29.233985000729074,30.37877291360145,7643700
2023-03-13,27.2236270904541,28.470795106016645,26.54420024211072,28.470795106016645,12807700
2023-03-14,28.349802017211914,29.44805467766705,28.042663711763613,28.610404915100048,7940900
2023-03-15,26.897872924804688,27.205011199206233,26.074183512725128,27.177090667577254,9619500
2023-03-16,27.13985824584961,27.41907418584588,25.69258499222958,26.57211715595065,9644700
2023-03-17,26.51627540588379,26.981636508356747,26.171909184172364,26.95371420313215,11365200
2023-03-20,26.479049682617188,27.516804815966935,26.390629929525858,27.009561100317683,5194600
2023-03-21,27.828594207763672,28.14969451193158,27.567993120568577,27.64245082765457,6173400
2023-03-22,26.935102462768555,28.033355003870064,26.925795027225615,27.74482982767437,4394100
2023-03-23,26.069530487060547,27.07471044803915,25.715855037242775,27.03748070586388,5638000
2023-03-24,26.09745216369629,26.162602435718455,25.2644553423574,25.51109616507325,5539300
2023-03-27,26.35805320739746,27.037480007644124,26.232405493618405,26.907179463819222,4290800
2023-03-28,26.20914077758789,26.474396500701875,25.827544762749806,25.957845321412965,3145100
2023-03-29,26.66519546508789,26.832725775216876,26.404594338409055,26.73965318345499,4734700
2023-03-30,26.572120666503906,27.056096683301732,26.353402135521954,26.981638971118365,5673500
2023-03-31,27.065399169921875,27.139856868489563,26.320822184245007,26.702418111305846,5427400
2023-04-03,27.34461784362793,27.53076299635879,27.00955905400882,27.10263163037425,4056500
2023-04-04,26.925796508789062,27.726218257406114,26.506970762370393,27.60522336390209,5917500
2023-04-05,26.52558135986328,26.86064190300296,26.069527717929624,26.534888794418453,7105600
2023-04-06,26.63726806640625,27.056091958595548,26.367357797367557,26.58142346061175,5320400
2023-04-10,26.804800033569336,27.10263264412119,26.35805378055927,26.57211947155845,3020100
2023-04-11,27.78206443786621,28.04266557788424,27.074715189566177,27.177095223265905,5064400
2023-04-12,27.484228134155273,28.08454262428745,27.27946810709805,27.930974379206308,4876800
2023-04-13,27.707605361938477,27.823945658108645,27.316701895798225,27.540075051419507,4198300
2023-04-14,27.735523223876953,28.51267725050585,27.595915236969855,28.200884363708525,4792700
2023-04-17,27.884437561035156,27.884437561035156,27.05144250232705,27.40977077907268,7242700
2023-04-18,28.15435218811035,28.177619892727535,27.6517612473613,27.97751443763805,8394900
2023-04-19,28.65694236755371,29.48063009543452,28.3870320305711,29.03853839381656,6085500
2023-04-20,27.791364669799805,28.396333727554723,27.53076182213402,28.191575488453392,5675600
2023-04-21,27.661062240600586,27.89839738795995,27.307388597256395,27.577297103322184,5267800
2023-04-24,27.53076171875,27.71225225787377,27.339963744900437,27.56799145765316,4169300
2023-04-25,27.121248245239258,27.64245403044239,27.046790529526234,27.16778542706738,5091900
2023-04-26,27.121248245239258,27.996127736276257,27.065405402257483,27.586609412248645,6245900
2023-04-27,27.31669807434082,27.70760148579581,26.96302262934203,27.353926040797024,4218300
2023-04-28,27.46561622619629,27.688989372817108,26.72103729558159,26.916489908382285,4731100
2023-05-01,27.081024169921875,27.77985802840655,27.052882524735043,27.540660306366807,6150400
2023-05-02,25.833438873291016,26.968458348466072,25.55202779963915,26.837134254255826,5972900
2023-05-03,25.992900848388672,26.54634061646664,25.866267932392738,25.983522090220166,6160400
2023-05-04,25.101770401000977,25.889718487201275,24.942304674290046,25.664590718166398,6983200
2023-05-05,25.645828247070312,26.142986495229778,25.378488923866968,25.77715232467017,7007900
2023-05-08,25.702110290527344,25.96006907241499,25.561405663057393,25.81467506599715,4361800
2023-05-09,25.758394241333008,25.983523813752587,25.223715532438806,25.355041414542992,4518600
2023-05-10,25.43946075439453,26.32121065975419,25.134599253727252,26.18988658643601,5265000
2023-05-11,25.711490631103516,25.730251725057222,25.017346257223856,25.148670336587024,8030900
2023-05-12,25.40194320678711,26.100778844177523,25.270619109488226,25.955383029913307,7193400
2023-05-15,26.23678970336914,26.293072987301795,25.537955924858366,25.627068440683715,8338500
2023-05-16,26.15236473083496,26.705804459894928,25.98820963711223,26.208648010816756,12246800
2023-05-17,26.97783660888672,26.987217156128672,26.189888532127014,26.54634038153905,7632100
2023-05-18,28.14099884033203,28.197280337048866,26.987218317275982,27.08102200457506,8524600
2023-05-19,28.159757614135742,28.34736318411119,27.75640304441178,28.31922333265088,9911800
2023-05-22,28.469308853149414,28.516209798928895,27.962770050780314,28.328604226654573,5073200
2023-05-23,28.76948356628418,29.388585448143946,28.42241043171108,28.52559467507326,5687100
2023-05-24,28.197277069091797,28.61939271843779,28.108164560521562,28.478688098374565,4868100
2023-05-25,28.14099884033203,28.53497289566294,27.972152561024995,28.225421979985548,14822700
2023-05-26,28.985225677490234,29.036817790031712,28.065953565961706,28.26293968022224,3846300
2023-05-30,29.294776916503906,29.444862087983765,28.919563987804263,28.994606573544193,4661600
2023-05-31,29.04151153564453,29.266641113160027,28.58656657942532,28.994610584003496,12950800
2023-06-01,29.594947814941406,29.763794083314473,28.713197863236466,28.957086718757964,5010500
2023-06-02,30.992624282836914,31.147400652073024,29.726278839580136,29.848222393910667,6375500
2023-06-05,30.68306541442871,31.048897793490156,30.382895073746877,30.889433865514746,4490600
2023-06-06,31.69614028930664,31.705519046139653,30.62678309472259,30.823769193027566,4543200
2023-06-07,32.08074188232422,32.30586788665586,31.6117251986011,31.81809010618621,4161900
2023-06-08,31.677385330200195,32.02445665321469,31.231817360651444,31.996316798955252,4619400
2023-06-09,31.602340698242188,31.9118934059044,31.466325439873618,31.893132310441864,3632100
2023-06-12,31.649250030517578,31.733673183758164,31.228071782483124,31.499164822346934,5398200
2023-06-13,32.02445602416992,32.258964347227185,31.630483759023974,31.752425510628367,5852200
2023-06-14,31.461639404296875,32.409051512932564,31.156777850015022,32.17454317553318,5347500
2023-06-15,31.367826461791992,31.386587553719373,30.467315519152006,31.011376450108916,4854300
2023-06-16,30.86129379272461,31.349067909095996,30.69713511964148,31.330310393961682,8461800
2023-06-20,30.68306541442871,30.78624963997173,30.43917835449199,30.66430432084701,12243700
2023-06-21,30.77687644958496,30.997311287840965,30.589269058144218,30.673692205376884,6355600
2023-06-22,30.654924392700195,30.729965185848975,30.14838562027375,30.617402206969516,5729100
2023-06-23,30.673686981201172,30.781558797545937,30.143695922272773,30.214049129370046,5142100
2023-06-26,30.561126708984375,31.114562922205376,30.476703568638058,30.692450798786854,3079200
2023-06-27,31.30217170715332,31.349072658720342,30.401660555138854,30.664308746564764,3519100
2023-06-28,31.752431869506836,31.761814208163372,31.11456881678484,31.302176228464322,5802300
2023-06-29,31.95879364013672,32.287103857600506,31.72897648791207,31.98693349354419,3770600
2023-06-30,31.81808853149414,32.296487529070994,31.564822683733624,32.23082548286447,3593900
2023-07-03,32.24958419799805,32.36683835447009,31.789008812195252,31.864990707902262,1637900
2023-07-05,31.649250030517578,32.0572922892524,31.611727833896513,31.911898250237797,4129800
2023-07-06,31.367826461791992,31.41473098076665,30.767485833365335,31.22712363980522,3618900
2023-07-07,31.527299880981445,31.949415582922047,31.339692504750836,31.339692504750836,3604400
2023-07-10,31.84623146057129,31.883753651613745,31.29279166679087,31.330313857833325,3883400
2023-07-11,32.568519592285156,32.65294273830508,31.911895520831667,32.10888166877372,3742000
2023-07-12,32.70922088623047,33.23452083394051,32.676389863143164,32.981251407989944,4042700
2023-07-13,33.459651947021484,33.50186531362931,32.793649046302484,32.82179248347893,4211800
2023-07-14,32.737361907958984,33.33770261637579,32.48409250066198,33.14071649236019,4235200
2023-07-17,33.30956268310547,33.63787650258419,32.54975795974732,32.587280152541446,6253300
2023-07-18,33.92866897583008,34.08813652684576,32.98125674325591,33.87238925761231,7015300
2023-07-19,33.87238311767578,34.07875158923644,33.46902851143254,33.994328448899175,6202100
2023-07-20,32.72798156738281,33.2345204128662,32.44657229044085,33.10319632218083,5770900
2023-07-21,32.52161407470703,32.98125198427375,32.362150125014686,32.85930664854165,5475200
2023-07-24,33.61911392211914,33.61911392211914,32.493473236177955,32.51223433174683,4945100
2023-07-25,32.98124313354492,33.66600685636516,32.98124313354492,33.66600685636516,3086300
2023-07-26,32.6998405456543,33.46902754504508,32.559134123050605,33.03753309725278,3531800
2023-07-27,32.57789611816406,33.22513780773748,32.44657202853871,32.93434977451364,3733000
2023-07-28,32.68183135986328,33.22983359392023,32.48813852258554,33.220386833099525,3295000
2023-07-31,32.63459014892578,33.18731756216333,32.332243344885164,32.83300456327902,4802300
2023-08-01,32.80466079711914,32.81410755791711,32.21413913014484,32.39838160190016,3173900
2023-08-02,32.256649017333984,32.341684265882186,31.670852640811706,32.33223750682463,3503600
2023-08-03,32.4078254699707,32.450344900411835,31.798406731539043,32.039340559351075,2876900
2023-08-04,32.464515686035156,33.00779627265733,32.19051280175507,32.31334230233886,3582100
2023-08-07,32.8330078125,32.932215029494365,32.568455233848354,32.71962865082909,2128300
2023-08-08,32.91804504394531,32.94638893498529,32.0110044880781,32.08658939893765,2764600
2023-08-09,32.502315521240234,33.08811203324884,32.469246450504066,32.776314848372046,2970500
2023-08-10,32.502315521240234,33.05504296251267,32.384211182288425,32.80466234061618,2980400
2023-08-11,32.851898193359375,32.9085895646814,32.303892416686566,32.3605837880086,3321500
2023-08-14,32.341678619384766,32.62512819697243,32.13381391383391,32.606231077899,3025000
2023-08-15,31.6330623626709,31.89761490054642,31.496060911483077,31.888168140304295,3631400
2023-08-16,31.056713104248047,31.89100152999887,31.03876389911294,31.66140668736602,3184900
2023-08-17,31.236230850219727,31.656681927606446,31.08505746963414,31.170092721479637,3909300
2023-08-18,31.34015655517578,31.42047022158181,30.825223516891164,30.91498394179695,3301600
2023-08-21,31.094505310058594,31.500784460304974,30.85829666941571,31.500784460304974,2578700
2023-08-22,30.03628921508789,31.037811464861026,30.007943531703667,31.037811464861026,3986400
2023-08-23,30.26304817199707,30.272498535471986,29.639459342313128,30.036289908205678,2910600
2023-08-24,30.187463760375977,30.67405296351807,30.05518570157834,30.338637140034276,2259100
2023-08-25,30.092981338500977,30.442570921449878,29.885116580266363,30.22525760128379,2850300
2023-08-28,30.21580696105957,30.62681126722905,30.092979268656524,30.357533578154587,2324600
2023-08-29,30.744918823242188,30.829954081617785,30.11187956762883,30.215810148432016,1781200
2023-08-30,30.574848175048828,30.877194958138276,30.55595105057349,30.811056824603583,1990900
2023-08-31,30.499263763427734,30.744922810262445,30.296124153423754,30.707128556248115,4473200
2023-09-01,30.858295440673828,30.952777451465685,30.659881055456317,30.77326018925808,2497600
2023-09-05,30.045740127563477,30.65043370632199,30.022119622542412,30.33864015663752,4011600
2023-09-06,29.97960090637207,30.130774295584082,29.493011672478964,29.847324641343796,2997600
2023-09-07,29.214284896850586,29.828427005250727,28.978076254994463,29.639461173043177,7089400
2023-09-08,29.554426193237305,29.596943821252804,29.04893983912463,29.233182293148825,2703200
2023-09-11,29.951255798339844,30.26777450590343,29.785908671682062,29.818977736587843,2601900
2023-09-12,30.499263763427734,30.891371039244927,29.85677766434709,29.951261497253697,4026700
2023-09-13,30.045740127563477,30.735468966101035,29.710324270728925,30.716571841232575,3904600
2023-09-14,30.508708953857422,30.650431975982976,30.239431247135254,30.423673698878957,3347400
2023-09-15,30.72601890563965,30.990571416867486,30.22998114495863,30.300842652410875,7096400
2023-09-18,30.366981506347656,30.659881510966283,30.04573761892191,30.631534023901427,4113400
2023-09-19,30.58429718017578,30.716573456954816,30.31501944408754,30.442574142594626,2454200
2023-09-20,30.385879516601562,30.97167593868047,30.338638509124817,30.792158668565694,2256400
2023-09-21,30.055187225341797,30.385879685908364,30.01456003077058,30.168568166898222,2702900
2023-09-22,29.648908615112305,30.074084901088874,29.511908969301153,30.026843892482127,3115800
2023-09-25,29.696147918701172,29.71031985918368,29.233179240942093,29.459939299306004,2969500
2023-09-26,29.37490463256836,29.781183754296265,29.190662194140305,29.37490463256836,2645200
2023-09-27,28.515108108520508,29.58277039831416,28.326140470371513,29.507183703480354,5490300
2023-09-28,29.167041778564453,29.275697529699578,28.543449351233942,28.552897912479885,3571000
2023-09-29,28.883590698242188,29.37017989447854,28.671002572949526,29.148145009954035,4908800
2023-10-02,28.694625854492188,28.97807549644823,28.548175851608534,28.722969737410466,4199900
2023-10-03,27.49468994140625,28.45842176129182,27.352965097806408,28.430076071720187,5463600
2023-10-04,27.43799591064453,27.693099866863992,27.06006065288603,27.598616052424365,5137000
2023-10-05,27.12619972229004,27.343513043669844,26.842750071278374,27.211234978019327,4578300
2023-10-06,27.70254898071289,27.891516613358814,26.842749676218855,26.842749676218855,5359800
2023-10-09,27.740341186523438,27.891514560662905,27.0789563230667,27.305716384275897,3308100
2023-10-10,28.193862915039062,28.671003566448494,27.825378019849026,28.004895285535575,3015400
2023-10-11,28.023794174194336,28.675730554706558,27.782862143422967,28.231657138038834,2950000
2023-10-12,27.806482315063477,28.15607010471215,27.40020315239424,28.15607010471215,2391200
2023-10-13,27.277374267578125,28.170242629515858,27.10257857819189,28.033241187173854,3102100
2023-10-16,28.014341354370117,28.028515096705398,27.44744031843417,27.617510809427827,3613600
2023-10-17,28.817453384399414,28.85997101065827,27.68365121891576,27.759237909806078,4029900
2023-10-18,28.250551223754883,28.562346537046974,28.03796310057191,28.458415967368808,3755400
2023-10-19,27.173442840576172,28.151346490431305,27.173442840576172,27.882068778275773,5585300
2023-10-20,26.80495262145996,27.352956499341104,26.59708790086907,27.135643218529843,4711700
2023-10-23,27.04116439819336,27.461615465699683,26.664175271105066,26.78605864865172,7068400
2023-10-24,25.860122680664062,27.589169852076935,25.78925936786586,27.400202219367667,8299900
2023-10-25,26.17191505432129,26.65377903920867,25.907360758862843,26.181361812972753,6589100
2023-10-26,26.455366134643555,26.776610010448817,26.119950317947378,26.181363263227208,5425200
2023-10-27,26.540403366088867,27.324615991554168,26.44591954812688,26.549851928097958,5471600
2023-10-30,26.767160415649414,27.012817593670164,26.455365113186296,26.80495465940433,3511400
2023-10-31,26.738567352294922,27.081736722297418,26.65754226114081,26.995944379796793,3936100
2023-11-01,26.66230583190918,27.024540545647735,26.385865272852055,26.824357821071473,4148300
2023-11-02,27.720407485961914,27.729940168915306,26.919680299610565,27.138926553018507,3555300
2023-11-03,28.74038314819336,28.940565869347857,28.139838621076876,28.216098272427757,4226900
2023-11-06,28.130306243896484,28.807110429738362,27.78237146718113,28.64505844158032,3890800
2023-11-07,27.977787017822266,28.073112037859655,27.7061118925285,27.987319701643358,3067300
2023-11-08,27.949188232421875,28.05881136622547,27.729941964814692,27.920591999883058,4057600
2023-11-09,27.787137985229492,28.173203512200462,27.69181296173589,28.13030734253702,3238200
2023-11-10,28.187501907348633,28.211332708913655,27.665122446171704,27.89199596796043,2865400
2023-11-13,28.0826416015625,28.33525316567624,27.89199338849993,28.10170696832079,2791700
2023-11-14,28.883371353149414,29.231307963351853,28.463944156776183,28.749917410500988,3962700
2023-11-15,28.36861801147461,28.883370211467206,28.263760307439245,28.759448957931024,4657600
2023-11-16,27.5583553314209,28.49253643664827,27.491628369357993,28.33048446384978,4851000
2023-11-17,28.48300552368164,28.492538207164895,27.739474393722674,27.920591743557523,3701400
2023-11-20,28.425811767578125,28.51160410234333,28.13983853047644,28.41627908391827,3496300
2023-11-21,28.092174530029297,28.40674581159176,27.987318648290785,28.30188992985325,3038600
2023-11-22,28.292360305786133,28.47347767480828,28.063581332471998,28.359087279064383,2257400
2023-11-24,28.43534278869629,28.540200484650445,28.244692762992983,28.38768119135716,1313000
2023-11-27,28.01591682434082,28.282826525284257,27.782372426917203,28.235164922839235,3931000
2023-11-28,29.445785522460938,29.483916257410545,28.263760011625806,28.35908503082631,5634700
2023-11-29,29.76035499572754,30.446693637519772,29.636433751055833,29.636433751055833,4636600
2023-11-30,30.847061157226562,30.932853498347544,29.798489513216307,29.9605415110922,10065200
2023-12-01,32.24833297729492,32.543837084613735,30.84705936581234,30.84705936581234,6095000
2023-12-04,32.38178634643555,32.88700585242142,31.94329017144621,32.02908250608032,4350100
2023-12-05,32.39132308959961,32.62963476945512,32.01002658363938,32.18160764769551,4924200
2023-12-06,32.69635772705078,33.308344052905504,32.658226990240784,32.763084698294676,4369800
2023-12-07,33.268306732177734,33.33979731581706,32.81551242982855,32.88700664981496,3894100
2023-12-08,33.64006805419922,33.773521975228945,33.08718336839421,33.268302520945944,4215500
2023-12-11,33.7925910949707,34.27874523792661,33.478017986439745,33.59241019118574,3952500
2023-12-12,33.935577392578125,34.321644737010004,33.63053877250058,33.63053877250058,5660800
2023-12-13,35.108070373535156,35.34638199875976,33.5828737902896,33.90697774604893,8130000
2023-12-14,35.975521087646484,36.380650084337255,35.42263642479585,35.50842874708831,7350400
2023-12-15,35.38451385498047,35.92310052769894,35.02704636905821,35.38451385498047,8909100
2023-12-18,35.79440689086914,36.085147376811044,35.35114710380582,35.94692619199055,4491300
2023-12-19,36.4426155090332,36.60466931494065,35.70861522234579,35.718149724288786,3874900
2023-12-20,35.58470153808594,36.781023544607905,35.56563616746618,36.41402516013351,4840700
2023-12-21,36.27103042602539,36.47121132839257,35.78487628651267,35.88973398861367,3414100
2023-12-22,36.166175842285156,36.64279915740601,36.07085263379991,36.48074897571163,2337400
2023-12-26,36.48073959350586,36.542699299451584,36.13757031306039,36.347285681409595,1939400
2023-12-27,36.557010650634766,36.609439511706455,36.26627010700001,36.39496045193878,1722700
2023-12-28,36.57606887817383,36.709522812529514,36.437847692920585,36.547472645482465,1792700
2023-12-29,36.40448760986328,36.652333770829635,36.19000857194965,36.49981445498393,2527200
2024-01-02,36.185237884521484,36.4616802545999,35.92786088165679,36.1566416518744,4146100
2024-01-03,35.69908905029297,36.27580285786796,35.40358126910807,35.73721979038409,3245000
2024-01-04,35.689552307128906,36.11851401536247,35.54656749528258,35.680021440878065,2782100
2024-01-05,37.005027770996094,37.090820098973694,35.498900235368616,35.52749646591224,7243600
2024-01-08,37.36726379394531,37.50071772308223,36.87157517404615,36.99549823810765,4397100
2024-01-09,36.69999313354492,37.009798997655956,36.61420079635028,36.947835643025485,3761900
2024-01-10,36.166175842285156,36.685697146667486,36.04702001350494,36.528410579954254,4004800
2024-01-11,36.19477081298828,36.23289790941143,35.556093766305224,36.08037861467839,3760100
2024-01-12,35.01274108886719,36.62372625344528,34.89835253494982,36.40448000995926,6535200
2024-01-16,35.23198699951172,35.251052364375596,34.497986815811906,34.78396365242351,4010000
2024-01-17,34.76490020751953,35.0222771928762,34.48369060568018,34.66004251315051,4012000
2024-01-18,34.09762954711914,34.45032975262048,33.6400716392492,34.30734495185632,5312500
2024-01-19,35.184326171875,35.29871472720322,34.040429709552996,34.335937416859714,4463200
2024-01-22,36.00412368774414,36.40448550506111,35.33685035586874,35.38451195749975,7836600
2024-01-23,35.689552307128906,36.22337172585816,35.12713665329985,35.98506006976699,5899600
2024-01-24,36.19477081298828,36.76195000846754,35.880197722156296,36.0708477496593,4625100
2024-01-25,36.661861419677734,36.81438072213816,35.97552637677933,36.404484414960706,6292900
2024-01-26,37.69136428833008,38.02023183024228,36.67139091068192,36.80484482755603,5254500
2024-01-29,37.386329650878906,37.986872339872995,37.0812910556082,37.83435304223764,3788500
2024-01-30,37.84389114379883,37.986875953488706,37.181385040764845,37.36726783880476,3790400
2024-01-31,37.05268859863281,37.86295026524369,36.99549613873211,37.5007155950371,4186700
2024-02-01,36.804847717285156,37.44352112285565,36.13757444417719,37.16708240320322,5164400
2024-02-02,37.370941162109375,37.534047489320706,36.44986109538849,36.59377779703729,4357600
2024-02-05,37.188629150390625,37.31911709669175,36.70410499165522,36.9391714213419,5217000
2024-02-06,37.2174186706543,37.41890419947119,36.776068371327966,36.929581678052166,4093100
2024-02-07,36.967952728271484,37.44768221048646,36.488223246056506,37.30376556184926,3390400
2024-02-08,37.30377197265625,37.322961594448124,36.62255320920616,36.91039387603814,3544500
2024-02-09,37.15984344482422,37.45727702693961,36.71849322107518,37.3229533640634,5654200
2024-02-12,37.92741394042969,38.11930647669708,37.17423875511786,37.20781967446123,3101300
2024-02-13,37.083099365234375,37.35174676872434,36.69931422306612,37.246205671625745,4254600
2024-02-14,37.73552322387695,37.75950750221212,37.203023200226234,37.55322367629296,3235400
2024-02-15,38.23444366455078,38.40235193505934,37.869851841845225,37.91782406482796,3293100
2024-02-16,37.95620346069336,38.397553769992506,37.841065733014084,38.05214790704673,3721700
2024-02-20,38.83890914916992,39.2610698922964,37.668367718621596,37.71634360810688,5947100
2024-02-21,38.05214309692383,38.56065518639918,37.8698472078778,38.455117772769725,3728000
2024-02-22,38.09053421020508,38.522291618919404,37.74992660445452,38.25364053124899,4607600
2024-02-23,38.493492126464844,38.819708316521556,38.17207425598048,38.3207892223145,2748500
2024-02-26,38.301605224609375,38.88687585677668,38.23924170119905,38.37836370884914,2638600
2024-02-27,39.347415924072266,39.43376738913064,38.49829623436995,38.50309455466375,5127900
2024-02-28,39.21308898925781,39.56809146068366,38.963631255326106,39.31863006670627,3359300
2024-02-29,39.62565994262695,39.65924086459345,39.213092238440865,39.568094739282095,5552000
2024-03-01,39.38579177856445,39.70241500989282,39.141128705269416,39.59687393278336,4399000
2024-03-04,38.982826232910156,39.553701937502765,38.92525736637682,39.28025622655025,3218100
2024-03-05,39.19390106201172,40.31647006328832,38.8580918556724,38.8580918556724,8859100
2024-03-06,39.5872802734375,39.68322837805416,38.57025598482257,39.23228143647074,6755400
2024-03-07,39.88471984863281,40.13418129774823,39.69282727086245,39.81755799542016,4125700
2024-03-08,40.431602478027344,40.589914094584955,39.93268334890515,40.03822442661023,4451500
2024-03-11,40.81538772583008,41.00248194255268,40.15335865738486,40.28768599507287,3743600
2024-03-12,41.3814697265625,41.6453187684896,40.69065804143039,40.9784950235535,4142200
2024-03-13,41.71727752685547,41.77484638536344,41.381468335673155,41.381468335673155,3628000
2024-03-14,41.49660110473633,42.05788373259755,41.29511559628034,41.8132243266348,4381500
2024-03-15,40.08620071411133,41.64052711799524,39.84633593499856,41.08403907363151,8689500
2024-03-18,40.05741882324219,40.215730458679246,39.73120257145346,40.14377029165821,3249200
2024-03-19,40.412418365478516,40.570730003609405,39.980661016051634,40.08620210813889,2559000
2024-03-20,41.630924224853516,41.77484453472489,40.20133240567083,40.25889760158297,3040700
2024-03-21,40.92093276977539,41.937957090513606,40.31167418136517,41.85160562365413,5658200
2024-03-22,39.86552810668945,41.06485207897281,39.84633848392736,40.91133875692239,3608700
2024-03-25,39.64485168457031,39.769582398566655,39.13633950757579,39.347418031208626,6619400
2024-03-26,39.89431381225586,40.11019066022564,39.69282460609832,39.74079683230868,4694700
2024-03-27,40.5659294128418,40.58511903396976,39.951876176930796,40.210930572089374,3501600
2024-03-28,41.37187194824219,41.48412920999231,40.36444070850486,40.36444070850486,4208200
2024-04-01,40.05741882324219,41.26633572102033,40.02863622045222,41.22796013731576,4081800
2024-04-02,39.33781814575195,39.76957541838517,38.89166957403855,39.76957541838517,5245000
2024-04-03,39.539306640625,39.59687550134128,38.98761695390956,39.337821118186746,3911400
2024-04-04,39.520118713378906,41.15119990308881,39.40498464705996,40.83458030570023,5745500
2024-04-05,39.606468200683594,40.03342718284347,39.270658999000254,39.46255153998179,3671000
2024-04-08,40.78660583496094,41.39106610914082,39.74079524124163,39.79836410641698,4578000
2024-04-09,40.6139030456543,40.92092964660037,40.41241386499623,40.81538856626657,2287400
2024-04-10,39.75998306274414,40.162957780633846,39.19390205764508,39.865524147430634,4033600
2024-04-11,39.616065979003906,39.88951166824433,38.93964557611944,39.712010422228445,2500400
2024-04-12,38.7717399597168,39.452955004971834,38.675795518993425,39.22268688321742,3251100
2024-04-15,38.829307556152344,39.635253276148134,38.4647121051899,39.261061185398276,3190800
2024-04-16,38.301605224609375,38.79380820766125,38.128905955161855,38.66620070465631,4029200
2024-04-17,38.07133483886719,38.838901335609314,38.06173819888217,38.76214651595799,4265000
2024-04-18,39.145931243896484,39.62566080242474,38.23444435068358,38.35917506071383,4167400
2024-04-19,39.88471984863281,40.42681299529107,39.3474213628851,39.472152087442815,4493300
2024-04-22,40.441200256347656,40.61390317744597,39.927889813095966,40.21092847486798,3546200
2024-04-23,41.122413635253906,41.32389914836012,40.3068712830856,40.42200899918542,8718100
2024-04-24,43.194854736328125,43.3291784421822,40.96890962776969,41.237557039477835,9881200
2024-04-25,42.84944534301758,43.49228487449755,42.0243098912906,43.13728235500354,4711300
2024-04-26,42.859031677246094,43.617005163960464,42.7151150235956,42.78227686064162,3698800
2024-04-29,42.887821197509766,43.07011710334839,42.47045518408803,42.887821197509766,2904400
2024-04-30,42.1970100402832,42.87822511094987,42.158630798543854,42.59998475845446,2642300
2024-05-01,42.177825927734375,42.75829830967799,41.501409088958226,41.90917852056614,4135200
2024-05-02,43.41552734375,43.52106843781735,42.23539300653981,43.0221492313466,5757800
2024-05-03,43.9943962097168,44.29348225573632,43.70496011893831,44.032988669921814,3485300
2024-05-06,44.61186599731445,45.07496449384828,44.327251194427596,44.33207617220661,3644200
2024-05-07,43.6760139465332,44.853058121293735,43.62777521551729,44.650449562420064,4717000
2024-05-08,44.00404739379883,44.09087859149515,43.43482147120733,43.59883391108945,3116600
2024-05-09,44.47678756713867,44.48643752165201,43.72425305178745,43.91721165788192,3868500
2024-05-10,44.11981964111328,44.86270793457873,43.90274349422682,44.59256807527477,4084300
2024-05-13,43.32869338989258,45.02672117656673,43.30939715954201,44.86270873915633,4355700
2024-05-14,43.58918762207031,43.936512412744925,43.28045529266614,43.57953766656287,3683500
2024-05-15,42.58580780029297,43.840033410068834,41.97798938679688,43.811090902886114,5353700
2024-05-16,41.94904327392578,42.68228528948833,41.08073500966008,42.45073421078975,7808400
2024-05-17,42.392845153808594,42.47967634752098,41.99728164475874,42.27707145565192,2826900
2024-05-20,42.614742279052734,42.894532063707416,42.34460244856085,42.40249113240018,3317500
2024-05-21,43.222564697265625,43.31904584619276,42.4603801824491,42.49897264201995,4953000
2024-05-22,42.00693130493164,43.21291805337102,41.939396341449395,43.0681981714065,3485400
2024-05-23,41.35087966918945,42.07061109503418,41.06626484524961,42.0262330733996,3108200
2024-05-24,41.80432891845703,42.185417515056166,41.61137029107311,41.621016566271436,2591200
2024-05-28,41.69819641113281,42.16611982942904,41.52935533249699,41.8139701013117,3208100
2024-05-29,40.88777542114258,41.331577657712124,40.76235176980616,41.12897276889291,4891700
2024-05-30,41.476295471191406,41.51488424781968,40.83953465208408,41.15791322144811,2704300
2024-05-31,42.25777816772461,42.29637062992333,41.33158115723382,41.52453978784768,4645100
2024-06-03,42.02622604370117,42.373547123411974,41.48111769730104,42.354254574855275,3427100
2024-06-04,41.02284240722656,42.05516668718879,41.00354617914382,41.51488334200945,3319600
2024-06-05,41.29298782348633,41.57277764795206,40.85883183386359,41.370172746254674,3873400
2024-06-06,41.5438346862793,41.895980771501954,41.37981856738601,41.37981856738601,2668300
2024-06-07,42.16130065917969,42.47871501162008,41.19651118725512,41.42805859950435,2630500
2024-06-10,42.77876281738281,42.81735527728208,41.852565862077576,41.88150836681226,3722400
2024-06-11,40.97460174560547,42.52791306943888,40.92153804097421,42.26741952317064,3808400
2024-06-12,42.113059997558594,42.36390362943111,41.77538148958531,42.03587507674884,3404500
2024-06-13,41.341224670410156,42.05517045186573,40.97942864232473,41.842915604334166,3132400
2024-06-14,40.22206497192383,41.16755805320764,40.2027687440961,40.82988326717026,3439900
2024-06-17,41.57277297973633,41.6981966249612,40.28960138564782,40.28960138564782,3836600
2024-06-18,42.09376525878906,42.11788278711193,41.47630059195188,41.53418560423054,3112100
2024-06-20,43.347984313964844,43.454111727711975,42.27224260597613,42.41213749860834,5833400
2024-06-21,42.9041862487793,43.801440694684445,42.51826901255231,43.521650882438855,6079300
2024-06-24,43.91721725463867,44.11017588532356,42.691934182226376,42.9427778258509,3508500
2024-06-25,43.569889068603516,43.96062759709126,43.15502933301279,43.94615634498127,3612600
2024-06-26,43.29975128173828,43.647076070475215,42.894537801418636,43.32869378733981,2777800
2024-06-27,42.672637939453125,43.22256764450785,42.2915456560591,43.058555200717386,3320500
2024-06-28,45.528411865234375,45.57665428102584,42.884890888716356,43.579536775482325,8784800
2024-07-01,46.41602325439453,46.65722062846195,45.70207740778784,45.75031614652536,5039100
2024-07-02,46.33883285522461,46.87911623426176,46.03010054731179,46.608976384932895,3910800
2024-07-03,45.69242858886719,46.50285186783924,45.499469964277715,46.50285186783924,2349100
2024-07-05,45.267921447753906,45.86609358596689,45.065316536607504,45.51876877807028,4512500
2024-07-08,45.991512298583984,46.1072896849336,45.53806375004381,45.57665621216035,2553900
2024-07-09,46.744049072265625,47.24574002236977,45.70207471119249,45.82749836881343,3225900
2024-07-10,46.396728515625,46.6572221296447,45.962572492258836,46.49320599620416,3270600
2024-07-11,47.33256912231445,47.515877782732545,46.39672222988743,46.62827330443928,2511200
2024-07-12,47.38081359863281,47.74743464428302,47.14926249601692,47.44834857014997,2254400
2024-07-15,48.934120178222656,49.48404984890045,48.23947062352248,48.33594809261771,4086800
2024-07-16,49.88925552368164,50.111156628615205,48.6253838529566,48.90516996242461,6000000
2024-07-17,50.38130569458008,50.81545799793218,48.123698259554686,49.80242982281122,5984100
2024-07-18,49.04024887084961,50.55496799317509,48.75080909531868,49.918207111690364,4710600
2024-07-19,48.21052932739258,48.86658643874863,48.0947519451206,48.86658643874863,3507800
2024-07-22,48.74116134643555,48.76045757624609,47.6123558249857,48.12369671401627,3578200
2024-07-23,49.020957946777344,49.252505375810614,48.52891321941659,48.68327939889878,1960900
2024-07-24,48.123695373535156,48.93411860110607,47.99827172345006,48.52890514713091,2516800
2024-07-25,48.60609436035156,49.426163934852475,47.81496729212864,48.24911960781751,2596600
2024-07-26,48.99200439453125,49.426160359191506,48.81834200866715,49.01130062411387,1803900
2024-07-29,48.73151779174805,49.24285874793824,48.66398281873085,49.10778880190385,2258900
2024-07-30,49.194610595703125,49.66735531638134,48.94376330358957,49.416511704647085,2416900
2024-07-31,49.00165557861328,49.628766494070504,48.99683060100173,49.291091668853504,2360600
2024-08-01,46.85017776489258,49.18496650458488,46.52214919944047,49.049896568289256,5336300
2024-08-02,43.4058723449707,45.697246938731745,43.27079875108318,45.586294549561764,6431100
2024-08-05,42.46480178833008,42.74615502724965,40.74272988560837,41.53342937771182,5015100
2024-08-06,42.98870086669922,43.6726762198364,42.26106546496667,42.35808203815299,4059000
2024-08-07,42.97899627685547,44.58949579130737,42.90138375978109,43.92007256514281,3885400
2024-08-08,44.39545822143555,44.60889911655452,43.53199816528325,43.53199816528325,3752300
2024-08-09,45.181304931640625,45.21040916191486,44.405161283120705,44.79323125690824,3053000
2024-08-12,44.28873825073242,45.53056802077962,44.06074525680618,45.12309031439248,4034900
2024-08-13,44.376060485839844,44.604049808866975,43.978286603891995,44.531289227552534,3591400
2024-08-14,44.93875503540039,45.195852244692304,44.25962802724878,44.69620993969942,3300600
2024-08-15,44.521575927734375,46.321260043315704,44.45366359891579,45.831321628402215,6179600
2024-08-16,45.22981262207031,45.29772495911535,44.47307303731428,44.57979348151214,2643200
2024-08-19,46.209693908691406,46.22909796098129,45.30742583240679,45.30742583240679,2033100
2024-08-20,45.705204010009766,46.09327398997654,45.385042668115894,45.98655724362349,2243300
2024-08-21,45.831321716308594,45.94968161778615,45.3656318878817,45.87012611789054,2101600
2024-08-22,45.792518615722656,46.15148435094006,45.60818195905971,45.87013112830856,2187200
2024-08-23,47.15077209472656,47.335108763316335,45.79252157856215,46.102979050882304,3645900
2024-08-26,47.4127197265625,47.64071273490489,47.11196614189371,47.44182765803794,1937100
2024-08-27,47.35451126098633,47.73288106162703,47.1507705444572,47.38361549151411,1670700
2024-08-28,48.0433349609375,48.07243918930697,47.08285471435435,47.08285471435435,2890500
2024-08-29,48.29558563232422,48.72246743442272,47.80079519009961,48.41200996068473,2199000
2024-08-30,48.761268615722656,49.05232571641563,48.17916181622625,48.382898825955515,2433200
2024-09-03,47.82989501953125,48.47021396280006,47.538841627308095,48.25677678234024,3827500
2024-09-04,47.72317886352539,48.44111408301541,47.32540499488694,48.09184850061189,2811900
2024-09-05,47.21867752075195,48.2373698848785,46.86941569124668,48.05303324328311,3442500
2024-09-06,45.99625778198242,48.06177365476909,45.744012478067354,47.28659963535915,3227400
2024-09-09,46.73358917236328,47.10225876915404,46.23879878533576,46.52015199606935,2573100
2024-09-10,44.77383041381836,46.209697073095924,42.68794091162252,46.073872398710115,7940900
2024-09-11,44.47306823730469,44.79322583439864,43.29915087971954,44.715613329414566,5316300
2024-09-12,45.02607345581055,45.045477508458205,44.08984919599268,44.628299628895135,3070600
2024-09-13,45.724605560302734,45.92834256619967,45.29772379448665,45.336531900641695,2197200
2024-09-16,45.918636322021484,46.04475709894156,45.127936992617734,45.56937081467065,3019500
2024-09-17,47.72317886352539,48.10155237842588,46.102979157419625,46.102979157419625,3522400
2024-09-18,47.43212127685547,48.169460486231394,46.917926826251374,47.85900304047669,4004700
2024-09-19,49.50830841064453,49.702345245659856,48.101549683909234,48.421707315881434,3759300
2024-09-20,49.07172775268555,49.62957853721125,48.88739110303148,49.547114089178976,7739200
2024-09-23,48.21797561645508,49.78966712142887,48.19371962155171,49.44040152011353,3288100
2024-09-24,46.77239990234375,48.421707453235264,46.17088904294031,48.392603223231085,3835100
2024-09-25,46.76270294189453,47.05375636478667,46.46679758001975,46.91793168083334,2161000
2024-09-26,47.57765197753906,47.742580883899215,46.52985527497507,46.937333004064904,3032100
2024-09-27,48.169456481933594,48.683650889793014,47.49032948794635,47.93661156650148,1864900
2024-09-30,48.39260482788086,48.421709058850105,47.684373500384794,47.87840664143965,1990700
2024-10-01,47.54854202270508,48.27617735709276,46.84031074134776,48.140352686824876,2823700
2024-10-02,48.1015510559082,48.76612233103937,47.42242396445625,47.71347737480854,3047400
2024-10-03,48.0821418762207,48.43140371084534,47.24293420320349,47.69406823648954,2804600
2024-10-04,50.31355667114258,50.3911691794767,49.11053133393504,49.450096698112404,2636800
2024-10-07,50.03220748901367,50.410577287325644,49.69264579846314,49.91578686667418,2595200
2024-10-08,49.66353988647461,50.313562764601606,49.49861097319978,50.012805468638966,2751700
2024-10-09,50.44938278198242,50.53572952194848,49.61502701305234,49.6441312418935,2444200
2024-10-10,50.04191207885742,50.73073934717789,49.8769794689956,50.28445720440222,2194100
2024-10-11,51.565093994140625,51.71061884557871,50.22624389543031,50.323260463055696,2172600
2024-10-14,52.088985443115234,52.31212649571179,51.05574462764639,51.62329928539923,3131800
2024-10-15,51.70092010498047,53.15619086544454,51.594199657061914,52.38974737670668,4015500
2024-10-16,54.83460235595703,54.90251469494565,52.39944722612556,53.56366456741525,6101500
2024-10-17,55.00923538208008,55.55738603514852,54.35921251913956,54.94132304279531,4763400
2024-10-18,54.73758316040039,54.79579532393894,53.39873670751859,54.79579532393894,3876700
2024-10-21,54.145774841308594,54.89281426771737,53.89352583969271,54.69877742823089,2565000
2024-10-22,54.00994110107422,54.145769465891576,53.544254953105415,54.00024092548809,3197000
2024-10-23,53.359928131103516,54.174879908779985,52.92819809957291,53.85471856353979,2354700
2024-10-24,53.61217498779297,54.25249399586624,53.11738454103205,53.845019945703726,2616600
2024-10-25,53.505455017089844,54.86370547016568,53.38903069466876,54.33010694570928,3213800
2024-10-28,55.096553802490234,55.36820316962282,53.64128299123129,53.84502001658073,3541600
2024-10-29,54.08756637573242,54.776393687088905,53.903233401141925,54.54355242454777,2931500
2024-10-30,54.63086700439453,55.65925599811217,54.28160142126589,54.45623421283021,4234900
2024-10-31,53.495750427246094,55.212970300164926,53.45694232028928,54.78609222647431,4156700
2024-11-01,53.60246658325195,54.09240871679319,53.2337969985416,53.486045972638756,2684000
2024-11-04,53.66094970703125,53.841246554834065,53.0372087171265,53.56348843465516,3607200
2024-11-05,55.37622833251953,55.551654908599666,53.70967957752573,54.27494009774257,3219900
2024-11-06,65.79460144042969,66.03824904581585,62.890318712591274,62.93905120788244,10815900
2024-11-07,62.99752426147461,64.89797260950417,62.80260915135588,64.34245636657747,6225900
2024-11-08,62.16912078857422,63.53354879793905,62.130136281388424,63.05599416156396,4786600
2024-11-11,63.933128356933594,64.69330767454,62.73925661143458,63.64075570006516,5132400
2024-11-12,63.465328216552734,64.46915511817484,63.25091714328694,63.69922782578155,5422500
2024-11-13,63.47507095336914,65.4827322613082,63.31914035368991,63.72846654282451,5324300
2024-11-14,63.24116897583008,64.05982875908047,62.685652758298716,63.34837451215495,3791800
2024-11-15,63.32888412475586,63.83566783440153,62.9682830189753,63.338624674657346,3571800
2024-11-18,62.42251968383789,63.7089787471769,62.3104401491661,63.10473000699689,3020800
2024-11-19,62.03268051147461,62.290946372899825,60.71990712234387,61.262753202411545,4105800
2024-11-20,62.76361846923828,63.338623192409514,62.17886204309236,62.17886204309236,2929800
2024-11-21,63.48481750488281,63.767449610670454,62.76362269715186,63.21193338495946,2881200
2024-11-22,64.313232421875,64.56662806301587,63.38737431443117,63.38737431443117,3511500
2024-11-25,65.33654022216797,65.87256047193685,64.59584944853084,64.79077198661143,5898200
2024-11-26,65.55094146728516,65.59966651784833,64.40579496381562,64.70304528372472,2924100
2024-11-27,65.511962890625,65.92128904293696,64.77127216105995,65.70687798157334,2692100
2024-11-29,65.80433654785156,66.94461289774381,65.70687900086557,66.3111276890335,1578300
2024-12-02,65.38526153564453,66.38909581932062,64.94669886226367,66.17468475747783,2512500
2024-12-03,65.43399810791016,67.24673682588549,65.18060252487743,66.8568991832662,3240700
2024-12-04,65.12213134765625,65.61917454213203,64.37657027370997,65.55095351038318,2089800
2024-12-05,65.2195816040039,65.60941921417425,64.74203443520057,64.96619347759705,3378300
2024-12-06,66.1941909790039,66.27216001060387,65.28587332391903,65.74588020060827,3423100
2024-12-09,66.20392608642578,67.62293095621669,66.10646853365489,66.7107098221552,4859800
2024-12-10,65.17086029052734,66.63274583592292,65.11237981254813,66.4768078086909,3756300
2024-12-11,66.78866577148438,66.88612330518785,64.9077063724279,65.64839701253403,4387000
2024-12-12,66.78866577148438,67.2272358264498,65.93102906514734,66.77891778745406,3223100
2024-12-13,66.33061981201172,67.04207407100677,65.98951466134339,66.84715153095728,2035700
2024-12-16,66.80817413330078,66.88613571340649,65.5753178861852,66.22341395153319,3240300
2024-12-17,65.48272705078125,66.59375943890336,65.19034697578735,66.37934837531239,3049900
2024-12-18,61.974205017089844,66.25266008799662,61.61360760231224,65.68739585931571,3689800
2024-12-19,62.636924743652344,66.21854760982501,62.06191994910219,65.07340086063103,4460800
2024-12-20,63.78693771362305,64.42042295087654,62.17886580929593,62.373784629817564,13298300
2024-12-23,63.79668426513672,64.09880489827403,62.98777247937653,63.14371050650184,2495800
2024-12-24,64.92721557617188,65.014925143725,63.83567164379089,64.01109821443185,809500
2024-12-26,65.11238861083984,65.25857867224016,64.30348415075746,64.43992622525498,1622900
2024-12-27,64.2449951171875,65.122127933353,63.77719590558883,64.52762721548163,1321600
2024-12-30,63.39710235595703,63.87464952377008,62.35916130108183,63.163195329019494,2093500
2024-12-31,63.3483772277832,63.860038684806874,63.10959989836287,63.543292337347076,1357900
2025-01-02,63.59202194213867,64.41067428773954,62.90981165413795,63.95262305753018,2354000
2025-01-03,65.0831527709961,65.11238929647693,63.57254194871365,64.1475467779316,1915400
2025-01-06,65.95053100585938,66.7399542910789,65.34628971273163,66.27214762444753,3181000
2025-01-07,64.88823699951172,66.49631280480327,64.1865306528001,65.85307950847249,2334100
2025-01-08,64.1183090209961,64.66895502542795,63.40685469397258,64.58610829077607,2729300
2025-01-10,62.14963150024414,63.241171729154885,61.774412106771216,63.241171729154885,2962500
2025-01-13,63.163204193115234,63.30647208133182,61.46059680191975,61.76954328081736,2712700
2025-01-14,64.3814468383789,64.4789118379998,63.56279437741915,64.01110512064028,1941200
2025-01-15,66.37935638427734,66.45732540508759,65.32192663446936,65.42425446818962,2874400
2025-01-16,66.08697509765625,66.83253618648733,65.5217182956813,66.27214965990069,2214400
2025-01-17,67.00308227539062,67.24672984730114,65.73611192724245,66.46705464297398,2351400
2025-01-21,67.70479583740234,68.11412201821219,67.17851613256057,67.51962128323544,2948400
2025-01-22,68.6988754272461,68.96201899996213,67.63657545700606,68.08488615013316,3314600
2025-01-23,68.650146484375,69.12769367288895,68.27005684354268,68.80607707355874,3941100
2025-01-24,68.83531951904297,68.85968576694417,67.97768261587893,68.27980327035611,4049700
2025-01-27,68.08488464355469,68.79633145812028,67.11029426209589,68.22132670211616,4615900
2025-01-28,64.96619415283203,66.16493607981272,62.8513275122253,64.81025613292954,8151600
2025-01-29,67.02257537841797,67.30033719838713,64.85899103821012,65.10263862673001,5360400
2025-01-30,67.70479583740234,68.48446369101137,66.82766299599939,67.50987329734912,4336600
2025-01-31,67.22724914550781,68.49421220572998,66.89588454262623,68.03615352748659,3345600
2025-02-03,66.06326293945312,66.79686445756029,64.12655164811478,65.27097568792317,4245400
2025-02-04,64.47868347167969,67.77500244060103,64.12655413234052,67.20768212026782,7687800
2025-02-05,66.36649322509766,66.48387217347106,64.94819971284899,65.26120277926299,4546300
2025-02-06,66.71862030029297,67.19790459672446,66.24911944819969,67.0903090967486,3267700
2025-02-07,66.01435852050781,67.2272518348381,65.7306983484103,66.92402477496495,2725600
2025-02-10,64.0874252319336,66.56211395080858,63.19732593864951,66.56211395080858,5396300
2025-02-11,63.80377960205078,64.28306388990148,63.402740479760446,63.57880516178865,3430700
2025-02-12,62.60066604614258,63.68639694488684,61.92575395859717,63.49077284852501,5333700
2025-02-13,62.678916931152344,63.13864175368995,62.03334399841935,63.0408222456414,3654100
2025-02-14,63.78420639038086,63.98961392195349,62.51263115946276,62.54197402646162,2063300
2025-02-18,63.86246109008789,64.52759345984727,63.21688814477106,64.2439332986548,2854800
2025-02-19,64.1559066772461,64.4004405629729,62.01379491283499,63.33427640324336,5698600
2025-02-20,62.453941345214844,63.911360944466274,61.182366121401635,63.82333234396155,3465600
2025-02-21,60.06729507446289,62.94301182202589,59.68582286350244,62.7962900187532,3938600
2025-02-24,59.24565887451172,60.62482959258636,57.96919192220654,60.46832808313428,4546100
2025-02-25,58.20883560180664,59.53910033343353,57.37742201018504,59.45106799880262,3525800
2025-02-26,58.42402648925781,59.28478667857917,58.042554283561536,58.776155827220656,3157000
2025-02-27,57.96430206298828,59.323913400944384,57.60239301036925,58.83484570178174,2917200
2025-02-28,59.35325622558594,59.37281938129303,57.934959152790775,58.25774562502207,4406800
2025-03-03,56.75141525268555,59.852102619398515,55.665684382782274,58.6979025713293,5359900
2025-03-04,54.8831787109375,56.11562769158196,52.95625075013709,55.50918477928329,6001300
2025-03-05,54.61907958984375,55.303775099862825,53.259472013096214,54.76580138888011,5484900
2025-03-06,52.966033935546875,54.3500927046948,52.39871360681816,53.32794299242767,4604800
2025-03-07,53.54313659667969,53.64094864993418,50.951076141238396,52.92691021356254,6715300
2025-03-10,51.1564826965332,52.39871515140748,49.757748720722276,51.89008427554073,6520100
2025-03-11,50.85326385498047,52.30090387799987,50.24681718745118,50.99998193418997,6608000
2025-03-12,52.43783950805664,53.102971880044564,51.391234926223675,52.04658385466712,7173700
2025-03-13,50.765228271484375,52.71171560951757,50.19790795384068,52.54543438411259,7294200
2025-03-14,52.17374038696289,52.26177271884281,50.716317055015374,51.35210653318039,5452000
2025-03-17,52.27155303955078,52.51119889269266,50.92172891005653,52.17374099467393,6383000
2025-03-18,51.89008331298828,52.545435985016084,51.60642314552415,52.25199237382394,4412900
2025-03-19,53.327945709228516,53.58715100903585,51.28853417131618,51.8509590755967,4927700
2025-03-20,52.69215393066406,54.04198185246433,52.40849749518304,52.67259077454632,4228000
2025-03-21,52.8388786315918,52.99538015781988,51.35211226677968,52.10527702778066,6429600
2025-03-24,54.599517822265625,54.853835116220374,53.66050873217988,53.96372831866919,2960300
2025-03-25,54.62886428833008,55.32334330503134,54.29629808060955,55.00055681020376,2521900
2025-03-26,53.99307632446289,55.32334110238167,53.68007328628089,54.74624105111663,3961700
2025-03-27,52.97581481933594,53.60182089847228,52.60412231061477,53.592041185925396,3097900
2025-03-28,51.28364181518555,53.01494200515914,50.76523122198051,52.56500059478154,3469000
2025-03-31,51.7824821472168,51.968330244785186,49.73817919299531,50.3837483505763,6142600
2025-04-01,52.09549331665039,52.447622681682255,50.628290116544726,51.33254884660847,3305300
2025-04-02,53.846351623535156,54.218044110631084,51.088010165765596,51.088010165765596,3212200
2025-04-03,45.54198455810547,50.22725018450453,45.326793580860915,49.66971331736215,11259300
2025-04-04,42.85211181640625,43.68841710831214,40.40677339634566,43.3803020793587,9503800
2025-04-07,43.83024597167969,45.45395048842159,39.65849560820174,40.093769267715906,9164700
2025-04-08,42.87167739868164,46.11908670586944,42.113620953029724,45.73761075645905,6307600
2025-04-09,49.376277923583984,50.579384100170365,41.1746136750255,41.68813255639674,11825300
2025-04-10,45.61045455932617,48.45682841237745,44.06597644074794,47.68410055404325,5568600
2025-04-11,45.12138748168945,45.43439051420327,43.458556539403226,45.03335514558928,6550700
2025-04-14,45.9332389831543,46.6570608444752,45.072482489674464,46.61793453169233,4094500
2025-04-15,46.471214294433594,47.400443732322785,45.86477135097261,46.256027029438805,3860000
2025-04-16,45.73760986328125,46.842903914901115,45.175184990841345,45.82564219891983,3491900
2025-04-17,46.823341369628906,47.009189486895146,45.35613824404743,45.83542624017186,3507300
2025-04-21,46.19733428955078,47.46890955765851,45.3610289740112,46.803777190102394,6238800
2025-04-22,47.49825668334961,47.53737926382923,45.121387347029106,46.392962629232926,7499500
2025-04-23,48.8187370300293,51.81183265837898,48.711141540421735,49.307804723670664,5965600
2025-04-24,50.784793853759766,50.99998485982699,48.41770771218373,48.583988957751416,4406600
2025-04-25,50.295719146728516,51.10268157664356,50.25659656754399,50.42287779012667,5001800
2025-04-28,51.02932357788086,51.342330348181065,50.168567086249574,50.27616258052612,4060900
2025-04-29,51.28364181518555,51.44992305025485,50.393538707138276,50.61850941232708,2814200
2025-04-30,50.81413269042969,51.0244319420489,48.906767992465475,49.80665073250751,4113400
2025-05-01,51.16626739501953,51.85585095592382,50.58916732279839,51.13692079386207,3303800
2025-05-02,52.99537658691406,53.29859990598903,51.968335157040165,52.31068105656798,3263000
2025-05-05,53.310123443603516,53.91010881963235,52.16916893825994,52.297031844708094,3761000
2025-05-06,52.52326202392578,53.2216041004224,52.12294281841728,52.27736660949179,3581100
2025-05-07,52.887184143066406,53.49700369671976,52.35113020923982,52.887184143066406,3297500
2025-05-08,54.54943084716797,55.090399939185666,53.467492663132575,53.70355012958193,4403100
2025-05-09,54.71664810180664,55.01172184564773,54.19534727721896,54.775660599335126,3295100
2025-05-12,59.368988037109375,59.82143468831857,57.8149272541741,58.51327306598483,5947400
2025-05-13,60.352569580078125,60.63780915404413,59.47718252734523,59.69356793512447,4146800
2025-05-14,60.09683609008789,60.50010440829125,59.66406152364673,60.136180255782406,5570000
2025-05-15,59.496849060058594,59.841101098547895,58.86735372214616,59.614877794388384,3959500
2025-05-16,59.801761627197266,60.34273076671309,59.290298735561876,59.5853762226306,4103200
2025-05-19,59.0640754699707,59.47226274234766,58.60179466045009,59.083747552598446,3001400
2025-05-20,58.857521057128906,59.31488663538294,58.409989643625465,58.75916440135927,2803700
2025-05-21,56.30021286010742,58.39523898244222,56.270702860479645,58.11000316785822,3739400
2025-05-22,56.516597747802734,56.9788822997465,55.85759987781706,56.25103026596691,3137200
2025-05-23,55.80842590332031,56.069074446925,54.75599005892582,54.75599005892582,2218800
2025-05-27,58.050987243652344,58.12967182161004,56.044479852838876,56.72314981499663,3087500
2025-05-28,57.35264205932617,58.208356965126846,57.21493748932292,58.17885071901623,2399700
2025-05-29,57.29362869262695,58.22803197107443,56.82150997081546,58.178853641064784,2002800
2025-05-30,56.7034797668457,57.17559847648832,55.99529982634879,56.86085267005991,5392600
2025-06-02,57.175601959228516,57.26903966391023,55.58219699605131,56.54611030802744,2418400
2025-06-03,58.050987243652344,58.14442869753907,56.60512107202704,57.10674979576345,2962000
2025-06-04,56.919864654541016,58.52310367123914,56.88052424313887,58.17885162105823,2690100
2025-06-05,56.50675964355469,57.46083117615949,56.03955616560953,56.90019000427792,2520300
2025-06-06,58.247703552246094,58.37556645875763,57.35755965284753,57.68706234041537,1642300
2025-06-09,59.831268310546875,60.5886228126473,58.25753555765866,59.555862921353544,6220300
2025-06-10,59.76241683959961,59.88536454057581,58.847689396237506,59.70340434445332,2772500
2025-06-11,60.7755126953125,61.44434853554053,60.00340122929334,60.11651102094092,5658700
2025-06-12,60.431251525878906,60.844357744664514,59.64930596298851,60.06732738823554,3480200
2025-06-13,58.857521057128906,59.83618366468065,58.48375901148565,59.1034164486189,2960000
2025-06-16,60.26404571533203,60.637807777836954,59.270626187739005,59.67389449789277,2628000
2025-06-17,59.29030227661133,60.01815436834967,59.0247347736284,59.536197695810365,2862800
2025-06-18,60.44108963012695,60.972224590753726,59.19194055697852,59.19194055697852,2491000
2025-06-20,61.31647491455078,61.57220447055166,60.53944457767495,60.96238495080656,8718800
2025-06-23,62.2115364074707,62.27546786094013,60.47059651941687,60.805014414614774,3560000
2025-06-24,63.677066802978516,64.05083259084938,62.88528711512267,63.16560770396,2723600
2025-06-25,63.863948822021484,64.35573958531931,63.63772176908662,63.893455067158314,2667900
2025-06-26,64.74918365478516,64.87704657141973,64.031165728126,64.031165728126,2210800
2025-06-27,65.10326385498047,65.58030149723612,64.48360268859848,64.9163809630073,3960700
2025-06-30,65.64424133300781,65.9393188481499,65.19179464615411,65.62457300059371,3572700
2025-07-01,67.0507583618164,67.5425491800855,65.33932841539702,65.7032563224038,3797300
2025-07-02,68.32941436767578,68.45727727309357,67.1097752952744,67.35567069316923,3699700
2025-07-03,69.00808715820312,69.39659857994133,68.09335598991805,68.58514677922977,2265900
2025-07-07,68.5556411743164,69.21956182042834,67.69992990188115,68.74252409778286,2935500
2025-07-08,68.15237426757812,69.50971425979185,68.15237426757812,69.50971425979185,3515300
2025-07-09,69.00808715820312,69.23922192537826,68.3687576312715,68.86054842058323,3347900
2025-07-10,69.97200012207031,70.69984846418807,68.93432114939822,69.03760052762723,3244000
2025-07-11,69.45069122314453,69.81461908438884,68.9490625504308,69.4310153905738,2911600
2025-07-14,69.71625518798828,69.89330016112343,69.12610777891494,69.65724269832039,2559800
2025-07-15,67.4343490600586,69.63757714788603,67.39500489733328,69.4506942509737,2569000
2025-07-16,68.16220092773438,68.37858255418814,66.72616533460273,67.88679180436071,2503200
2025-07-17,69.03759765625,69.23922618914386,68.01467185099382,68.01467185099382,2353600
2025-07-18,68.89005279541016,69.53921271751415,68.08351622301932,69.33266149211143,3230900
2025-07-21,68.2999038696289,69.51954286612042,68.05400848703852,69.19495916010952,4300200
2025-07-22,69.49988555908203,70.10970140197064,67.07043759315002,67.64583197916559,5725400
2025-07-23,70.89656829833984,71.53589788217518,69.41135788126991,70.60149079683659,4878600
2025-07-24,70.63099670410156,71.49655336878195,70.28674462343666,70.81787962109074,4843700
2025-07-25,71.70309448242188,72.21455357224228,70.38509134028259,70.97524625701654,3270900
2025-07-28,71.67359161376953,72.09653198848237,71.34900789510185,71.84079867945948,2801000
2025-07-29,70.1293716430664,72.5489814979405,69.83429415905137,72.3817669214615,3947200
2025-07-30,69.1064453125,70.56214187808794,68.56055722437151,70.38509688993459,3586100
2025-07-31,68.52613067626953,69.90314646542909,68.30974151601316,69.03759732853594,3482800
2025-08-01,66.4212646484375,66.7851925441227,65.19178764101305,66.47044673038732,5023700
2025-08-04,68.11302185058594,68.26056058285758,66.61798120709136,66.8343628430739,3862700
2025-08-05,69.1404037475586,69.35773441892076,67.68330997501317,68.5180539005711,3712300
2025-08-06,68.6069564819336,69.27179116137096,68.3797526293249,69.21943313164653,3603600
2025-08-07,67.61909484863281,69.41700189721686,67.46104097874395,69.30834410110855,3466900
2025-08-08,68.58720397949219,68.97246924770653,67.73764273758805,68.32048476949107,2890300
2025-08-11,68.755126953125,69.04160755945747,68.11795989780015,68.66622307708128,3765200
2025-08-12,71.48162841796875,71.53102448672728,69.02185643678875,69.15027566406624,4516200
2025-08-13,71.70883178710938,71.94592387149484,70.84939747575316,71.67919716075666,2760200
2025-08-14,71.94593048095703,72.03483436818252,70.7012233023223,71.27418458705064,2589700
2025-08-15,70.62218475341797,72.11385705764904,70.35546558459419,72.08422243186659,2841800
2025-08-18,70.9185562133789,71.00252351068195,70.0492410735508,70.39499098502887,2021600
2025-08-19,70.72097778320312,71.65451382733987,70.47401248986307,70.70122387592028,1919500
2025-08-20,70.71109771728516,71.0173322394577,69.08112543249158,70.40485565833072,2843900
2025-08-21,70.3653564453125,70.62219493029276,69.67384908468617,70.31596037070247,2161400
2025-08-22,72.3114242553711,73.21038140876087,70.74072883806129,70.91854412462293,3104500
2025-08-25,73.10172271728516,73.28941874143767,71.97556164593442,72.113861599484,2960000
2025-08-26,74.42545318603516,74.65266455988922,72.69669622550346,72.90415369313563,4220900
2025-08-27,74.84036254882812,75.22760242991177,74.22788592492267,74.22788592492267,2967200
2025-08-28,75.65040588378906,75.80845974282887,74.94408126848059,75.11695997806312,2369500
2025-08-29,75.41331481933594,76.21348745723711,74.88974962789852,75.89737219806081,2404300
2025-09-02,74.70206451416016,74.721818421409,72.96342674173967,74.06983396724046,3264900
2025-09-03,74.5736312866211,75.07546791400411,73.83273547197426,74.33654673623306,1966700
2025-09-04,75.92700958251953,76.14434024424011,74.58351779804916,74.97866377056089,2520800
2025-09-05,74.69217681884766,76.47032977653924,74.05006560986003,76.0751838374098,2149000
2025-09-08,74.2278823852539,75.07744353344333,73.62528651184554,74.86011288575087,2289400
2025-09-09,75.14659118652344,75.35404110651449,73.93151875596801,74.0994608655833,2150000
2025-09-10,73.8327407836914,75.69979776797976,73.00294102924435,75.07744795214448,5275400
2025-09-11,75.08732604980469,75.29971257353841,73.48698831772346,73.90188818044673,3165000
2025-09-12,74.4551010131836,75.08733157531942,74.33655495648958,74.96878551862541,1954400
2025-09-15,75.35404968261719,76.1245801979306,74.45509992701245,74.64278842639476,2661300
2025-09-16,73.62528991699219,75.23550840657735,72.81524407971722,75.14659698441737,4072700
2025-09-17,73.9117660522461,75.67015757704284,72.96342031539331,73.86236998330067,4332700
2025-09-18,75.60101318359375,75.87761310183052,74.17355411236419,74.56376349020589,2560600
2025-09-19,75.66028594970703,76.25300870116514,75.27996481288693,75.79859345202136,8186400
2025-09-22,74.66254425048828,75.13671336108898,74.18836760310545,74.70205959916869,3205200
2025-09-23,73.8327407836914,75.76894774751702,73.60553693811865,74.83048266282822,2459900
2025-09-24,73.72407531738281,74.58845382839442,72.97330626573041,74.33655194699845,2587700
2025-09-25,73.37832641601562,73.49687246951892,72.09411141858503,72.64731126136851,1910700
2025-09-26,73.63516998291016,74.17848908564854,73.04245480865812,73.8031045672048,1744700
2025-09-29,72.42997741699219,74.35630359691926,71.61993159558922,74.3069150627158,3016600
2025-09-30,70.18753814697266,72.9239102328483,68.43901968029283,72.78561027395394,5214800
2025-10-01,68.99221801757812,70.6765230607712,68.90331413312639,70.22704443573451,3233600
2025-10-02,69.4268798828125,69.91092973229519,68.23650539737856,69.11076461871204,3753600
2025-10-03,70.3653564453125,71.04203895412957,69.51579521214315,69.79239514168054,3305900
2025-10-06,70.51351928710938,71.46680912288393,69.1502737464914,70.97781518814946,3271300
2025-10-07,70.03936004638672,70.60244062456628,68.97740474251934,69.83191010040296,3030200
2025-10-08,70.10850524902344,71.28406239957542,69.30834014952221,70.53328583425616,4060600
2025-10-09,70.12825775146484,71.24454562393895,69.9257519528428,70.54316514362463,2828100
2025-10-10,67.1943130493164,71.244549850553,67.17455914222361,71.244549850553,4454900
2025-10-13,69.28858184814453,69.43676253097387,68.1821746247058,68.26120532711911,2905800
2025-10-14,71.95580291748047,72.74609485624768,68.31060038029251,68.44890033905939,5619900
2025-10-15,71.44212341308594,74.1241705551808,69.83191233132328,72.55840388288401,6225400
2025-10-16,69.39724731445312,71.70883883865967,68.89343600656863,71.35321575067474,5551600
2025-10-17,70.64195251464844,71.99531745832849,69.60469529878085,69.75287597773085,4670300
2025-10-20,71.38285064697266,71.62981594083051,70.59255869191448,71.12600463106135,3207900
2025-10-21,73.10172271728516,73.30917264760953,71.17539655228579,71.27418115670946,2403800
2025-10-22,72.12374877929688,73.90189442849403,71.6495720841079,73.10172926319446,2696300
2025-10-23,72.35094451904297,73.08196715614473,71.83726006560312,72.42997521550511,2363000
2025-10-24,73.93152618408203,74.78108739137384,73.24002638130153,73.25978782525674,2342000
2025-10-27,74.0500717163086,74.80084830888823,73.78335251905114,74.68230225633907,5008800
2025-10-28,73.81298828125,74.16367477815378,73.34869232261556,74.08958820466218,2322100
2025-10-29,72.3213119506836,73.93152286882852,72.02495813568794,73.21038846923507,3200300
2025-10-30,72.69670104980469,73.9018929024395,72.11386656780282,72.18301654934172,2571300
2025-10-31,73.47711181640625,74.07970773883106,72.35589480418112,72.63743132120564,2986800
2025-11-03,73.11160278320312,73.862371799517,72.6275454133377,73.12147596780942,3684800
2025-11-04,72.41022491455078,73.48698994451901,72.21264816355954,72.31143277066396,3353800
2025-11-05,73.76914978027344,74.48332637186327,71.26950522256709,72.32094637616001,3501300
2025-11-06,72.95578002929688,74.63212108490521,72.48957602863914,73.8683453760814,3940500
2025-11-07,72.59869384765625,73.01529881372723,71.46790461531732,72.46973928595145,3710600
2025-11-10,74.09648132324219,74.1808012515385,72.71771200567761,73.10456051533932,3135000
2025-11-11,73.8187484741211,74.4238208032332,73.2930316299512,73.97745944400552,2231100
2025-11-12,74.88009643554688,75.4901331548434,73.69971587119659,73.69971587119659,2756400
2025-11-13,73.19384002685547,74.90985884996938,73.11448454303083,74.12624804240632,3980700
2025-11-14,72.4994888305664,73.33766313117754,71.51748934140464,72.41021958962227,3144900
2025-11-17,69.9006576538086,72.47965013418009,69.32534179274934,72.21183485693105,3708500
2025-11-18,70.64459991455078,71.5472438987281,68.95337315038412,69.06744192232716,4652300
2025-11-19,71.96385955810547,72.15231937055546,70.90250456807725,71.03145155214887,5567700
2025-11-20,71.66627502441406,74.67179372117155,71.58691954722622,73.37237994517861,5452200
2025-11-21,74.01713562011719,74.8503454911112,71.92418204753004,72.191997343848,4040300
2025-11-24,73.91793823242188,74.60236603893914,73.33270856486777,73.98737238904279,7559200
2025-11-25,75.89186096191406,76.28863078728281,74.13120006467175,74.37422338005192,2648600
2025-11-26,76.32830047607422,76.92345899424055,75.6488371680654,75.82242633048973,1938800
2025-11-28,76.73499298095703,77.28055244299371,76.2787103253241,76.71515032719839,923600
2025-12-01,77.41942596435547,77.76560537499219,75.53477482132605,76.3382282943166,3366100
2025-12-02,78.24271392822266,78.54029321034241,77.00777731326335,77.91538579919754,2381000
2025-12-03,78.51053619384766,79.75043724691614,78.0740886014858,78.13360143035135,3705200
2025-12-04,79.75043487548828,79.99841507872813,78.51053385928901,78.54029027283696,2121400
2025-12-05,79.71075439453125,79.99344788127348,78.57996531205237,78.73866870143722,2620700
2025-12-08,79.13543701171875,80.32574646421762,79.04616777585262,80.02816720915419,3920700
2025-12-09,80.35551452636719,80.77211948965281,78.74859993800789,79.14536981303245,3172500
2025-12-10,83.86690521240234,84.22697142734218,80.1174382965238,80.12735962332316,4143400
2025-12-11,84.96794128417969,85.52341452307385,83.46021739610225,84.05536837602533,2812400
2025-12-12,83.5395736694336,85.42918164327119,82.47821868206195,85.0274549172119,3797100
2025-12-15,82.53772735595703,83.9313748437227,82.2798258336848,83.73795059395727,3088500
2025-12-16,82.71627807617188,83.38086322137679,82.27983048576607,82.88490280237215,3835200
2025-12-17,82.55757141113281,83.50485002246076,82.22031440431961,83.25191294316718,2420100
2025-12-18,83.00393676757812,84.20416008414261,82.6468446572897,83.11304866615266,2292200
2025-12-19,83.99585723876953,84.13472555128779,82.32942992079502,82.55757504436384,10591200
2025-12-22,85.1563949584961,85.52340836075219,84.43229704821984,84.77946779751358,1836500
2025-12-23,84.878662109375,85.44405665970778,84.44221453797599,85.06712948207095,1837100
2025-12-24,85.36470794677734,85.78032152136679,85.03737981003565,85.13657038382875,772400
2025-12-26,85.31510925292969,85.42422114523227,84.88858301058919,85.14647696716341,819200
2025-12-29,84.05536651611328,85.29526751674882,83.8966631232646,85.05720864359823,1733700
2025-12-30,83.62884521484375,84.14464829955467,83.44038539767546,84.06529281455983,1158800
2025-12-31,82.7559585571289,83.76771451557612,82.7162808141645,83.75780075565177,1794700
2026-01-02,83.96609497070312,83.98593005635632,82.60716078693393,83.03368702214945,1407200
2026-01-05,86.0392074584961,86.79802625965584,83.9164975670779,83.9164975670779,3230700
2026-01-06,87.75523376464844,87.80978971097184,85.35478726192905,86.08880652975336,3881200
2026-01-07,86.72364044189453,87.57669298051523,86.43598248652192,87.38822559684736,2215900
2026-01-08,87.0212173461914,87.77507172474654,85.93009838399652,86.43598012394548,2340500
2026-01-09,86.18800354003906,88.05281204586298,85.86066783762278,87.49733878194854,2570200
2026-01-12,78.98664855957031,80.8316218058066,78.0482923543568,78.61964271631956,9407900
2026-01-13,77.42933654785156,79.36358668151765,77.32518910001689,78.85770494591202,6406000
2026-01-14,77.19127655029297,77.69715827855549,74.34446112263565,76.78459295648771,6002700
2026-01-15,77.07225036621094,78.38158564238324,76.81931326286437,77.70707913236988,2781700
2026-01-16,79.54212951660156,81.17879274418608,78.56012249874492,78.56012249874492,5909900
2026-01-20,75.46533966064453,78.14352291350862,75.06856980932065,77.10201056750834,5632600
2026-01-21,76.50685119628906,77.19127899337944,74.7610759773639,75.32647054999127,3280300
2026-01-22,77.4690170288086,78.87754282240836,76.80443187421997,77.23095814329658,4384000
2026-01-23,75.99105834960938,76.64572218765883,75.1082493819672,76.42750595347944,6294100
2026-01-26,76.8837890625,76.94825877323595,75.48022011766318,76.4076637131688,8463300
2026-01-27,72.41021728515625,76.41757816358864,71.52740839216858,75.77282813996433,10048800
2026-01-28,72.82682037353516,74.34445792529843,72.65819566061809,73.40213623052203,7180200
2026-01-29,72.77723693847656,73.55093400604626,72.35071066177075,73.30295378860696,5886600
2026-01-30,72.04320526123047,73.0252123058529,71.27744682020605,72.33086320248556,7036400
2026-02-02,72.92601776123047,73.33270894336313,71.6414820732358,71.6414820732358,3805700
2026-02-03,73.30294799804688,74.12624407117049,72.35070494643301,72.88634308191989,4976300
2026-02-04,74.61228942871094,75.19256223245813,73.25335510556215,73.36246700723314,5122300
2026-02-05,73.39221954345703,74.46349584810082,71.84482548191953,74.01713450504356,4616700
2026-02-06,74.85628509521484,75.52158500448601,74.42802240406365,74.52761678835277,2945600
2026-02-09,73.65116882324219,75.1251915629155,73.56651321568755,74.40809983002386,7628300
2026-02-10,73.60137176513672,74.73676441949493,72.79962446461003,74.22882320089336,6185100
2026-02-11,72.63529205322266,74.4678530133254,71.7090498553156,73.92008010829146,6799900
2026-02-12,70.82264709472656,74.22882514710821,69.68226975237775,73.28266710985697,6939000
2026-02-13,71.091552734375,71.82856788659232,70.02587687758981,71.07163689716897,4331000
2026-02-17,72.0177993774414,73.09343701846248,70.25495513123866,70.31471024510711,5470900
2026-02-18,72.55561828613281,72.70501366955034,71.67917702121609,72.47593973516815,3458400
2026-02-19,71.96800231933594,72.54565278731663,71.11147693751091,72.34646401884942,4099600
2026-02-20,73.07351684570312,73.1233102381184,71.00192023740466,71.58953241843,3677800
2026-02-23,68.60165405273438,72.9589747328803,67.92440162022055,72.06759475996729,6762900
2026-02-24,70.48401641845703,70.8923632634837,68.08375913435651,68.36262644385556,5307300
2026-02-25,72.51577758789062,72.93906323284128,71.09155581124118,71.43018584691463,4462600
2026-02-26,73.6810531616211,74.50769339035025,72.82452777888196,73.2428287522482,4676200
2026-02-27,68.83072662353516,71.58952969115452,68.1584512637425,71.0317950865387,6615200
2026-03-02,68.36262512207031,69.00003827390505,66.74916880729631,67.45630638372198,3787300
2026-03-03,68.38255310058594,69.59761677798673,66.11574929435979,66.8886145019854,5883000
2026-03-04,68.99008178710938,69.70717353693406,68.41243129847479,68.87057156118173,2974200
2026-03-05,68.69129943847656,69.39345241838858,67.67541691465391,68.42238622982035,3033900
2026-03-06,66.40058898925781,67.2471526741493,65.24528042599246,66.68941802971531,3418800
2026-03-09,66.84877014160156,66.93840280338722,63.48242769173763,64.80705117275784,3797100
2026-03-10,65.19548034667969,67.39654899765823,64.83693447064506,67.0380031216236,4797400
2026-03-11,64.94648742675781,66.13168110385763,63.900735004520655,65.14568379187277,4462900
2026-03-12,63.71150207519531,64.03020866940837,62.825099122585115,63.43263095579717,4201700
2026-03-13,63.52226638793945,64.68753664168035,63.223479435642986,64.15967956598051,2684000
2026-03-16,63.761295318603516,64.9664124611508,63.552148628291896,64.39871610409176,3847400
2026-03-17,64.88673400878906,66.11175939229688,64.52818814079542,64.84689473472704,2930800
2026-03-18,64.90664672851562,65.80798841499661,64.60786358525041,64.86680745636743,4906800
2026-03-19,65.24527740478516,66.10180276825541,64.41862959608828,64.43854543308244,4289800
2026-03-20,65.92253112792969,66.03208722994692,64.71742160430446,65.0361281923825,8603100
2026-03-23,66.28107452392578,68.32278591585003,66.26115108871949,67.66545692676124,4403700
2026-03-24,66.99816131591797,67.87461013470268,66.03208742935716,66.18147520659141,3642800
2026-03-25,67.35670471191406,68.26800811249481,66.69937572046032,67.5758169085867,3695900
2026-03-26,66.53006744384766,67.87461063889478,66.30099351944608,66.90852914659318,2329800
2026-03-27,65.09588623046875,66.15160042622206,64.68753935939299,65.97232748745596,2843500
2026-03-30,65.74325561523438,66.18147240752845,65.25523023502805,65.3548322137243,2769000
2026-03-31,67.74513244628906,68.09372419886,65.92751018703623,67.06787997626346,3846500
2026-04-01,68.0439224243164,69.03988148064337,67.570843392274,68.60165706431884,2826700
2026-04-02,68.14351654052734,68.59170267323933,65.7332974574111,66.5997845684693,2747700
2026-04-06,68.9801254272461,69.16437541861096,67.88457199995331,67.89452611941422,2332100
2026-04-07,68.57177734375,69.24902978461566,68.22319320475245,68.60165489872631,4440000
2026-04-08,71.6791763305664,72.51080125201437,71.06167896438734,71.88832682590979,3934100
2026-04-09,72.19706726074219,72.30662336087063,71.08159802098238,71.1811924033089,3082400
2026-04-10,72.11740112304688,72.34149039786561,71.58157312832329,72.11740112304688,2547100
2026-04-13,73.4918212890625,73.6113391139247,71.14135725672585,71.4003087446449,2051200
2026-04-14,75.24470520019531,75.5833276115829,73.61631011385668,73.79059837904825,3273400
2026-04-15,75.68292236328125,76.49960844021145,75.06044798761603,75.69288408088985,2372800
2026-04-16,74.86624145507812,76.20083055989704,74.64712924394631,75.74269029960539,3470500
2026-04-17,78.02342987060547,78.3919374618665,75.86220051307797,76.07135100588081,5257300
2026-04-20,78.26246643066406,79.00943574162432,77.20674463748287,77.51549711970381,3992200
2026-04-21,77.31629943847656,79.89583736667925,75.94187866500629,77.07727139060448,6611500
2026-04-22,78.37201690673828,78.91978980294806,77.4009507934058,77.93379251091908,5167300
2026-04-23,76.31038665771484,78.56124868432389,75.34430514431249,78.01347575511464,4873700
2026-04-24,75.9916763305664,76.79840070591736,75.3443014472986,76.05143144027706,4249300
2026-04-27,76.43985748291016,76.85815846241847,75.83232185138232,75.83232185138232,4475100
2026-04-28,75.94187927246094,77.18682811299308,75.6231726732273,76.44982052699618,4277200
2026-04-29,74.81644439697266,76.41993902875288,74.52263071085319,75.85224269069533,3152800
2026-04-30,75.89207458496094,76.20082704940673,74.27862582925593,74.57740897729995,3903900
2026-05-01,75.453857421875,76.4099771684753,75.36421715889394,76.24066595886742,3003700
2026-05-04,73.93999481201172,75.5434894268038,73.8702779852192,75.18494357513823,3168100
2026-05-05,73.77999877929688,74.36499786376953,73.6500015258789,73.9000015258789,3729200
2026-05-06,75.1500015258789,75.55500030517578,74.58999633789062,74.5999984741211,3788400
2026-05-07,74.0,75.66999816894531,73.81999969482422,75.38999938964844,2951700
2026-05-08,73.13999938964844,74.43000030517578,72.82499694824219,74.43000030517578,4069800
2026-05-11,70.27999877929688,73.19000244140625,70.20500183105469,73.0,4483100
2026-05-12,70.83999633789062,71.37999725341797,69.0999984741211,70.19000244140625,5917700
2026-05-13,69.80999755859375,70.70999908447266,69.3499984741211,70.4800033569336,3288100
2026-05-14,71.26000213623047,71.51000213623047,70.3499984741211,70.3499984741211,3408500
2026-05-15,71.37999725341797,71.98999786376953,70.41000366210938,71.19999694824219,3359900
2026-05-18,71.05000305175781,71.7300033569336,70.72000122070312,71.0,3322800
2026-05-19,69.38999938964844,71.08999633789062,69.26000213623047,70.9000015258789,4305800
2026-05-20,72.05000305175781,72.12000274658203,68.31999969482422,69.83000183105469,5998600
2026-05-21,72.0,72.12999725341797,70.33999633789062,71.47000122070312,3567500
2026-05-22,71.83000183105469,72.55000305175781,71.5199966430664,72.01000213623047,2991900
2026-05-26,71.9000015258789,73.1050033569336,71.69000244140625,72.08000183105469,4123600
2026-05-27,72.08999633789062,73.4000015258789,71.80000305175781,72.26000213623047,3249000
2026-05-28,71.47000122070312,71.66999816894531,70.08000183105469,71.62000274658203,3639400
2026-05-29,71.44000244140625,72.2300033569336,70.94999694824219,71.41000366210938,7046800
2026-06-01,70.81999969482422,71.23500061035156,69.41000366210938,70.48999786376953,3445800
2026-06-02,70.97000122070312,71.55000305175781,68.75,70.12000274658203,3032000
2026-06-03,68.72000122070312,70.95999908447266,68.44999694824219,70.51000213623047,4161600
2026-06-04,70.77999877929688,71.37999725341797,69.40499877929688,69.56999969482422,3332400
2026-06-05,70.83999633789062,71.62999725341797,70.48999786376953,71.2300033569336,3004100
2026-06-08,70.55000305175781,71.30999755859375,70.21499633789062,70.76000213623047,2561200
2026-06-09,72.33000183105469,73.30999755859375,70.9000015258789,71.31999969482422,3956100
2026-06-10,69.55999755859375,72.4800033569336,69.5,72.05999755859375,2779100
2026-06-11,72.33000183105469,72.48999786376953,68.36000061035156,69.7300033569336,3289500
2026-06-12,73.36000061035156,73.70999908447266,71.9800033569336,73.44000244140625,3197000
2026-06-15,74.61000061035156,76.23999786376953,74.4000015258789,74.8499984741211,3146500
2026-06-16,75.29000091552734,75.83999633789062,74.63999938964844,75.27999877929688,2774400
2026-06-17,74.11000061035156,76.87000274658203,73.90499877929688,75.25,3175500
2026-06-18,75.26000213623047,76.06800079345703,75.04000091552734,75.37999725341797,8466700
2026-06-22,75.70999908447266,76.31999969482422,74.94000244140625,75.36000061035156,2589800
2026-06-23,75.04000091552734,75.5,74.22000122070312,75.0199966430664,3766500
2026-06-24,76.31999969482422,77.27999877929688,74.63999938964844,75.0199966430664,2520400
2026-06-25,78.5199966430664,79.69499969482422,76.83000183105469,77.25,3635000
2026-06-26,78.66000366210938,79.3949966430664,77.65499877929688,78.48999786376953,4967800
2026-06-29,78.37000274658203,79.01000213623047,77.70999908447266,78.25,2720600
2026-06-30,76.05000305175781,78.37999725341797,75.91999816894531,77.86000061035156,3497800
2026-07-01,76.7699966430664,77.12999725341797,75.61499786376953,76.22000122070312,3534000
2026-07-02,76.33000183105469,77.93000030517578,75.33999633789062,77.69000244140625,2464800
2026-07-06,77.05000305175781,77.45999908447266,76.38500213623047,76.55000305175781,2158200
2026-07-07,75.5199966430664,77.72000122070312,75.44000244140625,77.33999633789062,2704100
2026-07-08,68.26000213623047,74.80500030517578,68.05000305175781,74.62000274658203,9428800
2026-07-09,71.56999969482422,72.27999877929688,68.76000213623047,68.87000274658203,5242200
2026-07-10,72.44000244140625,72.78500366210938,70.98999786376953,72.4800033569336,2903800
2026-07-13,73.20999908447266,73.75,72.55999755859375,73.08999633789062,5135100
2026-07-14,73.68000030517578,74.29000091552734,72.62999725341797,73.1500015258789,2814000
2026-07-15,74.04000091552734,75.16000366210938,73.55999755859375,73.80999755859375,2450800
2026-07-16,74.27999877929688,74.54000091552734,73.38500213623047,73.94000244140625,2720700
2026-07-17,73.62000274658203,74.05000305175781,71.98500061035156,72.8499984741211,2937800
2026-07-20,73.41000366210938,74.37999725341797,73.04000091552734,73.80000305175781,5854400
2026-07-21,72.20999908447266,74.94000244140625,70.86299896240234,74.51000213623047,8283400
2026-07-22,72.80999755859375,72.9800033569336,71.30999755859375,71.48999786376953,4102900
2026-07-23,71.7699966430664,71.80999755859375,70.6500015258789,71.58999633789062,3648900
